0.0 1.0 1.0
Cubic 3 explicit
0.0 0.0 -47.9584 41.7642 10.490128 -42.139055 17.073866 -34.478022 -12.191832 31.320838
0.001 0.001357209 -47.95951428 41.75498526 10.49122515 -42.13818295 17.06500902 -34.4774064 -12.19284424 31.31442151
0.002 0.004563829 -47.96287838 41.73113981 10.49404998 -42.13647422 17.04219797 -34.47570968 -12.19563948 31.29751354
0.003 0.009596227 -47.96811551 41.69314032 10.49918844 -42.13332311 17.0062246 -34.47234406 -12.19933311 31.27031933
0.004 0.016053263 -47.97525592 41.64255868 10.50635765 -42.12910896 16.95863204 -34.46744471 -12.20385338 31.23389282
0.005 0.0230464 -47.98445477 41.5814103 10.51469158 -42.12452727 16.90132145 -34.46154463 -12.20918223 31.18968027
0.006 0.030539829 -47.99534971 41.51159137 10.5236523 -42.11980768 16.83583908 -34.45517272 -12.21553874 31.13922645
0.007 0.039535348 -48.00715815 41.43494948 10.53350587 -42.11471392 16.76359285 -34.44844944 -12.22332291 31.08404432
0.008 0.049075826 -48.01987398 41.35202383 10.54395093 -42.10915621 16.68542361 -34.44131748 -12.23163409 31.0243981
0.009 0.058969923 -48.03331307 41.26377723 10.5547766 -42.10316586 16.60223731 -34.43391865 -12.24031417 30.96100745
0.01 0.069076329 -48.04735978 41.17108012 10.56582725 -42.09682697 16.51485304 -34.42635794 -12.24928443 30.89450418
0.011 0.079290682 -48.06194408 41.07470949 10.57698812 -42.09025086 16.42400193 -34.41871303 -12.25851677 30.82543973
0.012 0.089535478 -48.07700673 40.97533392 10.58817412 -42.08353322 16.3303138 -34.41104178 -12.267992 30.75428555
0.013 0.099752457 -48.09246842 40.87350078 10.59932143 -42.07671604 16.2343058 -34.40338791 -12.2776633 30.68143348
0.014 0.109897015 -48.10821352 40.76963608 10.61038135 -42.06976936 16.13638262 -34.39578511 -12.28743737 30.6072006
0.015 0.119934272 -48.1240919 40.66405988 10.6213159 -42.06259741 16.03685088 -34.38825992 -12.29717674 30.53183994
0.016 0.130132247 -48.14005171 40.55683713 10.63220636 -42.05496367 15.93574256 -34.38083374 -12.30700291 30.45579568
0.017 0.140606029 -48.15601327 40.44811762 10.64324816 -42.04685202 15.83322758 -34.37335559 -12.31686123 30.37901478
0.018 0.15106707 -48.1717892 40.33812802 10.65432814 -42.0382129 15.72957456 -34.36583085 -12.32637628 30.30142897
0.019 0.161109866 -48.1873934 40.22687785 10.66518567 -42.02903278 15.62486288 -34.35836702 -12.33527379 30.22305697
0.02 0.170917915 -48.2026694 40.11470725 10.67578016 -42.01928978 15.51930442 -34.35107517 -12.34368962 30.14421279
0.021 0.180489153 -48.2175548 40.0017981 10.68610978 -42.00895507 15.41307346 -34.34395728 -12.35157606 30.06502974
0.022 0.189823037 -48.23200723 39.88831918 10.69617432 -41.99801969 15.30633112 -34.33701412 -12.35890566 29.98562775
0.023 0.198920311 -48.2459869 39.77441425 10.70597499 -41.98647161 15.19921486 -34.33024549 -12.36565148 29.90610956
0.024 0.207782684 -48.25944593 39.66019652 10.71551401 -41.97428212 15.09183367 -34.32365044 -12.37177527 29.82655946
0.025 0.216412498 -48.27232638 39.5457506 10.72479429 -41.9614041 14.98427005 -34.31722761 -12.37722546 29.74704514
0.026 0.224853301 -48.28458022 39.43111431 10.73382806 -41.94775924 14.87655661 -34.31098175 -12.38198429 29.66766716
0.027 0.233620072 -48.29636207 39.31605275 10.74289328 -41.93319961 14.76843586 -34.30482906 -12.38647829 29.58872137
0.028 0.242441069 -48.30754425 39.20079524 10.75201504 -41.91790724 14.66018505 -34.29864219 -12.39037823 29.50977105
0.02885025114568653 0.251250894 -48.31806703 39.08540992 10.76112262 -41.90183646 14.55186684 -34.29246765 -12.3936061229 29.443594019049222
0.03 0.260394932 -48.32798087 38.9698558 10.77047539 -41.88481785 14.44346157 -34.28637986 -12.39657363 29.35218854
0.031 0.268523842 -48.3372839 38.85420755 10.77905889 -41.86732285 14.33506377 -34.28026244 -12.39792065 29.27356391
0.032 0.276439364 -48.34599861 38.73854335 10.78748523 -41.84911 14.22673991 -34.27443815 -12.39878175 29.1949769
0.033 0.284024237 -48.35408679 38.62295517 10.79554914 -41.83023935 14.11851856 -34.26885392 -12.39892067 29.11665005
0.034 0.291303611 -48.36152282 38.50750258 10.80327828 -41.81069303 14.01045843 -34.26349201 -12.39832492 29.03862228
0.035 0.298297018 -48.36827834 38.3922329 10.8106942 -41.79044773 13.90260642 -34.25833861 -12.39697607 28.96092627
0.036 0.305019737 -48.37432269 38.27718302 10.81781377 -41.76947545 13.79499952 -34.25338294 -12.39485077 28.88358935
0.037 0.311521106 -48.37963877 38.16235917 10.82465828 -41.74772795 13.68764037 -34.24862261 -12.39196217 28.80667659
0.038 0.318381486 -48.38440178 38.04750936 10.83161913 -41.72505932 13.58028338 -34.24398704 -12.38886842 28.73035011
0.039 0.325505654 -48.38852618 37.93281089 10.83892051 -41.70160337 13.47318444 -34.23938098 -12.38548942 28.65406351
0.04 0.332922103 -48.3919663 37.81830105 10.84661546 -41.67728339 13.36640051 -34.23487158 -12.38188832 28.57778586
0.041 0.340666228 -48.39469066 37.70402016 10.85476226 -41.65204134 13.25998981 -34.23051479 -12.37813821 28.50148843
0.042 0.348776669 -48.3966766 37.59000779 10.86342028 -41.62583123 13.15400816 -34.22635725 -12.37431421 28.42514449
0.043 0.35729238 -48.39790561 37.47629984 10.87264677 -41.59861371 13.04850612 -34.22243787 -12.37048678 28.34872925
0.044 0.365956031 -48.39848615 37.36271748 10.88244969 -41.5703584 12.94345895 -34.21878639 -12.36656397 28.27198744
0.045 0.374608586 -48.39840307 37.24938759 10.89229698 -41.54129572 12.83876564 -34.21556538 -12.3624657 28.19531224
0.046 0.383313691 -48.39761919 37.13630479 10.90229184 -41.51135265 12.73444858 -34.21273878 -12.35818994 28.11866152
0.047 0.392155823 -48.3960982 37.02350029 10.91253403 -41.48047158 12.63055243 -34.21029223 -12.35377939 28.04201709
0.048 0.401203489 -48.39381388 36.91100637 10.92310406 -41.44861087 12.52711993 -34.2082152 -12.34927365 27.96536745
0.049 0.41111454 -48.39096756 36.7985197 10.93436872 -41.41556729 12.42383883 -34.20646426 -12.34530951 27.88903203
0.05 0.417357619 -48.38753362 36.68619634 10.94091748 -41.38348669 12.31986364 -34.20381793 -12.33568298 27.8158262
0.051 0.422494635 -48.38343987 36.57410577 10.94605695 -41.35118193 12.21590101 -34.20094798 -12.32394298 27.74375455
0.052 0.427547237 -48.37865358 36.46230203 10.9511048 -41.31817835 12.11225931 -34.19813341 -12.31151328 27.67203313
0.053 0.432487876 -48.37315966 36.350827 10.95603184 -41.28447191 12.00897655 -34.19539275 -12.29837191 27.60069729
0.054 0.437295931 -48.36694726 36.23971854 10.96081631 -41.25006166 11.90608723 -34.19273976 -12.28450341 27.52977758
0.055 0.44195623 -48.36000793 36.12900991 10.96544229 -41.21494769 11.80362173 -34.19018449 -12.26989631 27.45930001
0.056 0.446457888 -48.35233495 36.01872995 10.96989841 -41.17913048 11.70160652 -34.18773404 -12.25454202 27.38928659
0.057 0.450793388 -48.34392329 35.90890376 10.97417692 -41.14261118 11.60006468 -34.18539321 -12.23843459 27.31975591
0.058 0.454957841 -48.33476988 35.79955342 10.97827286 -41.10539217 11.49901652 -34.18316504 -12.22157076 27.25072368
0.059 0.458948387 -48.32487375 35.6906985 10.98218344 -41.06747734 11.39848008 -34.18105118 -12.20394996 27.18220323
0.06 0.462763724 -48.31423582 35.58235636 10.98590752 -41.02887206 11.29847129 -34.17905223 -12.18557394 27.11420572
0.061 0.466049219 -48.30300548 35.47431325 10.98925745 -40.98965969 11.19886852 -34.17722269 -12.16629313 27.04656565
0.062 0.468929326 -48.29124336 35.36654005 10.99212342 -40.94989916 11.09954176 -34.17571993 -12.14639638 26.97943614
0.063 0.471837424 -48.27906968 35.25886953 10.99485167 -40.90957635 11.00032683 -34.17436289 -12.12621153 26.91280169
0.064 0.474667006 -48.26641617 35.15140689 10.9974961 -40.86877943 10.90135136 -34.17305725 -12.10555929 26.84641856
0.065 0.477399382 -48.2532343 35.04418981 11.00003729 -40.82746482 10.80265121 -34.17181495 -12.08438498 26.78032371
0.066 0.4800205 -48.23948815 34.93725663 11.00246071 -40.7856028 10.7042626 -34.17064487 -12.06264885 26.71455116
0.067 0.482520006 -48.22515147 34.83064467 11.00475574 -40.74317396 10.60622058 -34.16955345 -12.04032249 26.64913171
0.068 0.484890506 -48.21020583 34.72438938 11.00691488 -40.70016692 10.50855833 -34.16854518 -12.01738658 26.58409288
0.069 0.487126973 -48.19463937 34.618524 11.00893311 -40.65657691 10.41130679 -34.167623 -11.99382931 26.51945907
0.07 0.489226286 -48.17844568 34.51307926 11.0108074 -40.6124045 10.31449446 -34.16678862 -11.96964507 26.4552516
0.071 0.491186851 -48.16162287 34.4080832 11.01253633 -40.56765454 10.21814718 -34.16604276 -11.94483326 26.39148895
0.072 0.493008298 -48.14417253 34.30356096 11.01411976 -40.52233493 10.12228804 -34.16538536 -11.91939711 26.32818683
0.073 0.494691241 -48.12609881 34.19953466 11.01555855 -40.47645568 10.02693724 -34.16481575 -11.89334265 26.26535832
0.074 0.496237076 -48.10740772 34.09602336 11.01685437 -40.43002801 9.9321121 -34.16433274 -11.86667785 26.20301405
0.075 0.497647832 -48.08810659 33.99304316 11.01800957 -40.38306383 9.837827162 -34.16393475 -11.83941201 26.14116238
0.076 0.498926047 -48.06820371 33.89060742 11.01902699 -40.33557546 9.744094397 -34.16361991 -11.81155544 26.07980965
0.077 0.500074665 -48.04770823 33.78872706 11.0199099 -40.28757549 9.650923486 -34.16338607 -11.78311926 26.01896038
0.078 0.501096958 -48.02663008 33.68741083 11.02066189 -40.23907686 9.558322089 -34.1632309 -11.75411534 25.95861753
0.079 0.501996476 -48.00497987 33.58666558 11.02128684 -40.19009278 9.466296081 -34.16315192 -11.72455622 25.89878262
0.08 0.502769678 -47.9829558 33.4861895 11.0217719 -40.14063737 9.374599158 -34.16316214 -11.69458885 25.83943899
0.081 0.503388061 -47.96078294 33.38574371 11.02209072 -40.09098871 9.282976485 -34.16327949 -11.6644446 25.78027324
0.082 0.503861096 -47.93837864 33.2854213 11.02225732 -40.04113415 9.191500383 -34.16349303 -11.63406317 25.72126672
0.083 0.504200664 -47.91569352 33.18526487 11.02228461 -39.99102741 9.100212823 -34.16379393 -11.60340007 25.66245336
0.084 0.504417034 -47.89269193 33.08531761 11.02218374 -39.94063791 9.009155646 -34.16417459 -11.57242457 25.60386516
0.085 0.504519236 -47.86934803 32.98562111 11.02196452 -39.88994581 8.918368681 -34.16462835 -11.54111563 25.54553149
0.086 0.504515279 -47.84564323 32.8862142 11.02163566 -39.83893888 8.827888846 -34.1651493 -11.50945921 25.48747879
0.087 0.504412221 -47.82156456 32.78713263 11.02120483 -39.78761051 8.737749889 -34.16573226 -11.47744652 25.42973069
0.088 0.50421635 -47.79710364 32.68840897 11.02067885 -39.73595857 8.647982369 -34.16637262 -11.44507309 25.37230804
0.089 0.503933355 -47.77225605 32.59007269 11.0200639 -39.68398466 8.558613747 -34.16706624 -11.41233807 25.31522914
0.09 0.503568456 -47.74702072 32.49215021 11.01936564 -39.63169343 8.469668503 -34.16780935 -11.37924371 25.2585098
0.091 0.503126502 -47.72139935 32.39466504 11.0185893 -39.57909198 8.381168256 -34.16859847 -11.34579479 25.20216353
0.092 0.502612037 -47.69539581 32.29763783 11.01773978 -39.52618918 8.293131868 -34.16943038 -11.31199804 25.14620168
0.093 0.502029345 -47.66901567 32.20108649 11.01682168 -39.47299514 8.205575567 -34.17030206 -11.27786164 25.09063361
0.094 0.50138248 -47.64226574 32.10502632 11.01583936 -39.41952075 8.118513108 -34.17121069 -11.24339476 25.03546683
0.095 0.500675288 -47.61515379 32.00947025 11.01479691 -39.36577742 8.031955975 -34.1721536 -11.20860735 24.98070721
0.096 0.499911421 -47.58768842 31.91442903 11.01369822 -39.31177696 7.945913618 -34.1731283 -11.17350996 24.92635913
0.097 0.499094355 -47.55987894 31.81991156 11.012547 -39.25753157 7.860393691 -34.17413243 -11.13811372 24.87242569
0.098 0.498227392 -47.53173538 31.72592503 11.01134674 -39.20305384 7.775402276 -34.17516375 -11.10243027 24.81890882
0.099 0.497313675 -47.50326838 31.6324752 11.01010076 -39.1483567 7.690944062 -34.17622018 -11.06647175 24.76580945
0.1 0.496356186 -47.47448908 31.53956651 11.0088122 -39.09345335 7.607022484 -34.17729975 -11.03025066 24.71312763
0.101 0.495357752 -47.44540897 31.44720216 11.00748402 -39.03835709 7.52363983 -34.17840059 -10.99377972 24.66086256
0.102 0.494321046 -47.41603969 31.35538424 11.00611904 -38.98308112 7.440797326 -34.17952098 -10.95707167 24.60901277
0.103 0.493248585 -47.38639287 31.26411378 11.00471988 -38.92763839 7.358495222 -34.18065928 -10.9201391 24.55757613
0.104 0.492158853 -47.35648488 31.17337976 11.00329384 -38.87203326 7.276721486 -34.18181529 -10.8830113 24.50656344
0.105 0.491232691 -47.32656739 31.08279344 11.00200372 -38.81633315 7.195144742 -34.18289706 -10.84598089 24.45582339
0.106 0.490142727 -47.29684676 30.99207821 11.00059105 -38.76082897 7.113488818 -34.18404146 -10.80908912 24.40499298
0.107 0.488930503 -47.26724833 30.90129609 10.99905135 -38.705465 7.031788744 -34.18526811 -10.77232004 24.35413207
0.108 0.487619114 -47.23771067 30.8105024 10.997409 -38.6501837 6.950098974 -34.18656088 -10.73562136 24.30328215
0.109 0.486227165 -47.20818638 30.71975298 10.99568368 -38.59494384 6.868473536 -34.18790667 -10.69895382 24.25248326
0.11 0.48476965 -47.17863831 30.62910197 10.99389129 -38.5397156 6.786964236 -34.18929489 -10.66228731 24.20177315
0.111 0.483258663 -47.14903695 30.53860055 10.99204467 -38.48447732 6.705619669 -34.19071693 -10.62559845 24.15118683
0.112 0.481703984 -47.11935882 30.44829642 10.99015423 -38.42921341 6.624484779 -34.1921658 -10.58886899 24.10075642
0.113 0.480113548 -47.0895854 30.35823347 10.98822844 -38.37391311 6.543600733 -34.19363577 -10.55208488 24.05051113
0.114 0.478493825 -47.05970238 30.26845189 10.98627422 -38.31856959 6.463004968 -34.19512215 -10.51523567 24.00047731
0.115 0.476850128 -47.02969908 30.17898816 10.98429727 -38.26317927 6.382731313 -34.19662108 -10.478314 23.95067853
0.116 0.47518685 -46.99956787 30.08987518 10.9823023 -38.20774125 6.302810123 -34.19812935 -10.4413151 23.90113577
0.117 0.47350765 -46.96930364 30.00114244 10.98029325 -38.1522566 6.223268431 -34.19964427 -10.40423628 23.8518675
0.118 0.471815608 -46.93890328 29.91281609 10.97827342 -38.09672789 6.144130109 -34.20116359 -10.36707652 23.8028899
0.119 0.470113338 -46.90836521 29.82491917 10.97624563 -38.0411587 6.065416065 -34.20268538 -10.32983598 23.75421695
0.12 0.468403079 -46.8776891 29.7374718 10.97421228 -37.98555329 5.987144464 -34.20420803 -10.29251582 23.70586072
0.121 0.466686777 -46.84687568 29.65049146 10.97217545 -37.9299165 5.909330975 -34.20573011 -10.255118 23.65783143
0.122 0.464966142 -46.81592668 29.56399326 10.97013698 -37.87425371 5.831989027 -34.20725039 -10.21764526 23.61013771
0.123 0.463242703 -46.78484475 29.47799016 10.96809849 -37.81857086 5.755130045 -34.20876778 -10.18010114 23.56278672
0.124 0.461517849 -46.75363352 29.39249322 10.96606146 -37.76287446 5.678763656 -34.21028132 -10.14248998 23.51578428
0.125 0.459792855 -46.72229745 29.30751178 10.96402722 -37.70717159 5.602897866 -34.21179013 -10.10481683 23.469135
0.126 0.458068907 -46.69084176 29.22305359 10.96199702 -37.65146976 5.527539193 -34.21329342 -10.06708742 23.42284238
0.127 0.456347112 -46.65927228 29.13912497 10.959972 -37.59577683 5.452692793 -34.21479044 -10.02930798 23.37690894
0.128 0.454628502 -46.62759526 29.05573086 10.95795323 -37.54010082 5.378362568 -34.21628055 -9.991485081 23.33133626
0.129 0.452914044 -46.59581733 28.97287499 10.95594169 -37.48444983 5.304551278 -34.21776313 -9.95362556 23.28612515
0.13 0.451204634 -46.56394535 28.89055998 10.95393829 -37.42883199 5.23126066 -34.21923764 -9.915736432 23.24127566
0.131 0.449501105 -46.53198642 28.80878747 10.95194388 -37.37325546 5.15849154 -34.22070357 -9.877824876 23.19678722
0.132 0.447804223 -46.49994791 28.72755824 10.94995921 -37.31772847 5.086243949 -34.22216047 -9.839898261 23.15265867
0.133 0.446114695 -46.46783743 28.64687233 10.94798499 -37.26225939 5.014517217 -34.22360797 -9.801964172 23.10888837
0.134 0.444433165 -46.43566289 28.56672909 10.94602184 -37.20685672 4.943310061 -34.22504569 -9.764030418 23.06547423
0.135 0.44276022 -46.40343245 28.48712732 10.94407032 -37.15152911 4.872620646 -34.22647334 -9.726105023 23.02241375
0.136 0.441057081 -46.37116931 28.40803615 10.9421099 -37.09629267 4.802428596 -34.227897 -9.688178407 22.97968473
0.137 0.438824132 -46.33912109 28.32906291 10.9396871 -37.04136311 4.732373989 -34.22958344 -9.650251998 22.93706902
0.138 0.436561152 -46.30753591 28.24973667 10.93679679 -36.98658628 4.661919806 -34.23155171 -9.612915653 22.8951132
0.139 0.434264445 -46.27634815 28.17030218 10.93421722 -36.93244595 4.591442195 -34.23337786 -9.575961746 22.85227507
0.14 0.432040883 -46.24552968 28.09060511 10.93171 -36.87864732 4.520738371 -34.23516285 -9.539439564 22.80921033
0.141 0.429886161 -46.21501818 28.01072856 10.92927129 -36.82514231 4.449886091 -34.23690826 -9.503287229 22.76598147
0.142 0.427796127 -46.18476369 27.93075323 10.92689736 -36.77189594 4.378960327 -34.23861569 -9.467455484 22.72264735
0.143 0.425766786 -46.15472548 27.8507558 10.92458457 -36.71888246 4.308031956 -34.24028675 -9.431904398 22.67926267
0.144 0.4237943 -46.12487004 27.77080811 10.92232945 -36.66608289 4.23716708 -34.24192304 -9.39660123 22.63587785
0.145 0.421874997 -46.09516977 27.69097673 10.9201286 -36.61348353 4.166426743 -34.24352616 -9.361519084 22.59253901
0.146 0.42000538 -46.06560212 27.61132286 10.91797881 -36.56107486 4.095866875 -34.24509767 -9.326636001 22.54928808
0.147 0.418182141 -46.03614887 27.53190241 10.91587698 -36.50885086 4.025538368 -34.24663909 -9.291934241 22.50616288
0.148 0.416402156 -46.00679545 27.45276606 10.91382021 -36.45680825 3.955487208 -34.24815189 -9.257399607 22.46319739
0.149 0.414662377 -45.97753038 27.37395935 10.91180562 -36.40494586 3.885754566 -34.24963754 -9.223020799 22.42042187
0.15 0.412959605 -45.94834474 27.29552269 10.90983016 -36.35326409 3.816376823 -34.25109771 -9.188788826 22.37786299
0.151 0.411290409 -45.9192317 27.21749153 10.9078905 -36.3017645 3.747385738 -34.25253422 -9.154696497 22.33554404
0.152 0.409651141 -45.89018614 27.13989665 10.9059831 -36.25044937 3.678808751 -34.2539491 -9.12073806 22.2934852
0.153 0.408038014 -45.86120442 27.06276454 10.90410423 -36.1993216 3.610669346 -34.25534452 -9.086909013 22.25170376
0.154 0.406447154 -45.8322843 26.98611783 10.90225006 -36.14838464 3.542987423 -34.25672273 -9.053206038 22.21021443
0.155 0.404874653 -45.80342487 26.90997563 10.90041673 -36.09764261 3.47577963 -34.25808603 -9.019627019 22.16902952
0.156 0.403316603 -45.77462653 26.83435384 10.89860034 -36.04710026 3.40905968 -34.25943677 -8.98617104 22.12815916
0.157 0.401769119 -45.74589094 26.75926552 10.89679701 -35.99676301 3.342838614 -34.26077732 -8.95283833 22.08761148
0.158 0.400228347 -45.71722084 26.68472104 10.89500288 -35.94663684 3.277125043 -34.26211003 -8.919630126 22.04739282
0.159 0.398690477 -45.68861987 26.61072841 10.89321413 -35.89672811 3.211925366 -34.26343727 -8.886548488 22.00750788
0.16 0.397151732 -45.66009233 26.53729342 10.89142695 -35.84704339 3.147243975 -34.2647614 -8.853596083 21.96795986
0.161 0.395608366 -45.63164258 26.46441977 10.88963757 -35.79758877 3.083083383 -34.26608478 -8.82077554 21.92875073
0.162 0.394056635 -45.60327413 26.3921092 10.88784222 -35.74836893 3.019444352 -34.26740976 -8.788088551 21.88988135
0.163 0.392492805 -45.57498987 26.32036182 10.88603712 -35.69938742 2.956326241 -34.26873869 -8.755536084 21.85135172
0.164 0.39091316 -45.54679236 26.24917651 10.88421852 -35.65064716 2.893727309 -34.27007394 -8.723118744 21.81316114
0.165 0.389314028 -45.51868381 26.17855111 10.88238273 -35.60215041 2.83164491 -34.27141782 -8.690836759 21.77530835
0.166 0.38769175 -45.4906654 26.1084825 10.88052605 -35.55389803 2.770075581 -34.27277264 -8.658689246 21.73779166
0.167 0.386042518 -45.46273711 26.03896681 10.87864464 -35.5058894 2.70901527 -34.2741408 -8.626674038 21.70060918
0.168 0.384362359 -45.43489813 25.9699998 10.87673452 -35.45812294 2.64845959 -34.27552479 -8.594788056 21.66375895
0.169 0.382647174 -45.40714706 25.90157699 10.87479155 -35.41059638 2.588403988 -34.27692717 -8.563027611 21.62723899
0.17 0.378646001 -45.37980293 25.83306715 10.87105585 -35.36395968 2.528295658 -34.27803924 -8.529192394 21.59138482
0.171 0.375119383 -45.35280242 25.76477237 10.86739327 -35.31755877 2.468287048 -34.28020524 -8.497228056 21.55522237
0.172 0.372623291 -45.32613159 25.69646914 10.86478239 -35.27095661 2.408527879 -34.28323666 -8.46750509 21.51816557
0.173 0.368652828 -45.29976931 25.62815915 10.86068181 -35.22517644 2.348553036 -34.28615015 -8.436546045 21.48176333
0.174 0.36419583 -45.2737274 25.5597929 10.85604685 -35.179819 2.288475141 -34.28921539 -8.405594748 21.44553921
0.175 0.360079757 -45.24822602 25.49096702 10.851705 -35.13487229 2.227991484 -34.29212166 -8.375368638 21.4089917
0.176 0.356280786 -45.22320096 25.42174562 10.84767772 -35.09031971 2.167166227 -34.29483802 -8.345763355 21.37208407
0.177 0.352738943 -45.19857098 25.35223069 10.84390565 -35.04610397 2.106091458 -34.29740026 -8.316676869 21.33490106
0.178 0.349401645 -45.17426834 25.28252211 10.84033682 -35.0021813 2.044857012 -34.29983969 -8.288023598 21.29752265
0.179 0.346222518 -45.15023579 25.21271572 10.83692543 -34.95851777 1.983548899 -34.30218386 -8.259730805 21.26002364
0.18 0.343160188 -45.12642441 25.1429023 10.83363068 -34.91508683 1.922248384 -34.30445727 -8.231735906 21.22247352
0.181 0.340177581 -45.10279208 25.0731669 10.83041605 -34.87186748 1.861031422 -34.30668184 -8.203984595 21.18493648
0.182 0.337241407 -45.07930233 25.00358838 10.82724879 -34.82884298 1.799968338 -34.30887721 -8.176429489 21.14747142
0.183 0.334321727 -45.05592353 24.93423935 10.82409944 -34.78599999 1.739123732 -34.31106102 -8.149029115 21.11013206
0.184 0.331391581 -45.03262824 24.86518613 10.82094155 -34.74332784 1.6785565 -34.3132491 -8.121747123 21.07296718
0.185 0.328426681 -45.00939269 24.79648887 10.81775128 -34.70081809 1.618319966 -34.31545571 -8.094551642 21.03602075
0.186 0.325405146 -44.98619633 24.72820181 10.81450718 -34.65846408 1.558462066 -34.31769368 -8.067414759 20.99933224
0.187 0.322307287 -44.96302148 24.66037344 10.81118997 -34.61626063 1.499025585 -34.31997453 -8.04031207 20.96293682
0.188 0.319115405 -44.93985303 24.59304684 10.80778234 -34.5742038 1.440048406 -34.3223086 -8.013222312 20.92686564
0.189 0.315813624 -44.91667814 24.52625995 10.80426878 -34.53229068 1.381563792 -34.32470515 -7.986127054 20.89114605
0.19 0.312387719 -44.8934861 24.46004587 10.80063539 -34.49051929 1.323600656 -34.32717249 -7.959010452 20.8558019
0.191 0.308824966 -44.87026813 24.39443317 10.79686978 -34.44888849 1.266183842 -34.32971802 -7.931859036 20.82085369
0.192 0.305113989 -44.84701727 24.32944622 10.79296085 -34.40739792 1.209334391 -34.33234838 -7.904661536 20.7863189
0.193 0.301244645 -44.82372837 24.26510537 10.78889873 -34.3660481 1.153069761 -34.33506946 -7.877408883 20.75221206
0.194 0.297208122 -44.80039869 24.20142711 10.78467484 -34.32484107 1.097403887 -34.3378864 -7.850094831 20.71854478
0.195 0.292997019 -44.77702782 24.13842422 10.780282 -34.28378034 1.042347373 -34.34080351 -7.822715898 20.6853258
0.196 0.288604975 -44.75361778 24.07610584 10.77571403 -34.24287112 0.987907489 -34.34382452 -7.795271415 20.65256109
0.197 0.284026211 -44.73017249 24.01447764 10.77096531 -34.20211975 0.934088373 -34.34695283 -7.767762734 20.62025414
0.198 0.27925545 -44.70669691 23.95354211 10.7660307 -34.16153288 0.880891307 -34.35019158 -7.740192399 20.58840625
0.199 0.274197535 -44.68322904 23.89322901 10.7608497 -34.12113555 0.828267222 -34.3535656 -7.712529386 20.55697584
0.2 0.268133373 -44.66008934 23.8329493 10.75475384 -34.08120312 0.775670358 -34.35747416 -7.684768818 20.52565851
0.201 0.261045777 -44.63729228 23.77264515 10.74764801 -34.0417698 0.722998045 -34.3619831 -7.656966549 20.49444789
0.202 0.253000949 -44.61477713 23.7123772 10.73960011 -34.00279427 0.670302365 -34.36698944 -7.629027936 20.4634052
0.203 0.244049015 -44.59249621 23.65220611 10.73066192 -33.96424862 0.617635183 -34.37240939 -7.600874655 20.43258817
0.204 0.234234087 -44.57041178 23.59219066 10.72087899 -33.92611219 0.565047562 -34.37817644 -7.572449422 20.40204706
0.205 0.223597717 -44.54849392 23.53238638 10.71029401 -33.88836875 0.512588667 -34.38423782 -7.543713639 20.37182423
0.206 0.212181479 -44.52671875 23.4728447 10.69894938 -33.85100453 0.46030508 -34.39055171 -7.514645351 20.3419541
0.207 0.200028806 -44.50506715 23.41361251 10.68688902 -33.81400682 0.408240385 -34.39708491 -7.485237418 20.31246325
0.208 0.187186169 -44.48352382 23.35473195 10.67415958 -33.77736304 0.356434952 -34.40381093 -7.45549582 20.2833708
0.209 0.17370373 -44.46207657 23.29624037 10.66081104 -33.74106026 0.304925831 -34.41070854 -7.425438098 20.25468883
0.21 0.159635547 -44.44071585 23.23817042 10.64689698 -33.70508499 0.253746724 -34.41776052 -7.395091871 20.22642299
0.211 0.145039435 -44.41943447 23.18055018 10.63247441 -33.66942326 0.202927995 -34.42495267 -7.364493419 20.19857308
0.212 0.129976547 -44.39822736 23.1234034 10.61760341 -33.63406073 0.152496709 -34.43227304 -7.333686289 20.1711337
0.213 0.114510754 -44.37709142 23.06674968 10.60234654 -33.59898298 0.10247669 -34.43971133 -7.3027199 20.14409496
0.214 0.098707877 -44.35602529 23.01060471 10.58676807 -33.56417567 0.052888584 -34.44725837 -7.271648126 20.11744314
0.215 0.082634804 -44.3350292 22.95498057 10.57093319 -33.52962479 0.003749946 -34.45490579 -7.240527889 20.09116142
0.216 0.06635855 -44.31410469 22.89988595 10.55490707 -33.49531684 -0.044924663 -34.46264571 -7.209417774 20.06523055
0.217 0.049945281 -44.29325447 22.84532643 10.53875395 -33.461239 -0.093123565 -34.47047058 -7.178376718 20.03962954
0.218 0.033459336 -44.27248224 22.79130476 10.52253619 -33.42737936 -0.140837858 -34.47837306 -7.147462807 20.01433626
0.219 0.016962272 -44.25179254 22.73782112 10.50631335 -33.39372712 -0.188061287 -34.48634592 -7.116732195 19.98932805
0.22 5.33E-4 -44.23119549 22.6848638 10.49015968 -33.36026902 -0.234796844 -34.49438051 -7.086260987 19.96457289
0.221 -0.014496401 -44.21096749 22.63190387 10.47533788 -33.32681513 -0.281383955 -34.50234465 -7.057456674 19.93929286
0.222 -0.027435281 -44.19120962 22.57870165 10.46252577 -33.29325026 -0.327964485 -34.51014266 -7.030982611 19.91306521
0.223 -0.039612564 -44.17214322 22.52474415 10.45057972 -33.25997475 -0.375050604 -34.51786307 -7.005865994 19.88594192
0.224 -0.052016972 -44.15385763 22.46983319 10.43841974 -33.22736756 -0.423019567 -34.52564026 -6.981369716 19.85819826
0.225 -0.06465838 -44.13623661 22.41410981 10.42603676 -33.19533931 -0.471742507 -34.53347434 -6.957371779 19.82994001
0.226 -0.077542684 -44.11918448 22.35771591 10.41342545 -33.16382197 -0.521090321 -34.54136626 -6.933775554 19.80126827
0.227 -0.090671756 -44.1026211 22.30079048 10.40058423 -33.13276252 -0.570936726 -34.54931767 -6.910504401 19.7722781
0.228 -0.10404353 -44.08647839 22.24346718 10.38751521 -33.10211862 -0.621160314 -34.55733059 -6.887497746 19.74305781
0.229 -0.117652155 -44.07069808 22.18587266 10.37422404 -33.07185572 -0.671645916 -34.5654072 -6.864708302 19.71368849
0.23 -0.131488189 -44.05523016 22.12812558 10.36071975 -33.0419454 -0.722285487 -34.57354959 -6.842100133 19.68424382
0.231 -0.145538843 -44.04003192 22.07033596 10.34701449 -33.01236413 -0.77297865 -34.58175957 -6.819647216 19.65479003
0.232 -0.159788286 -44.02506715 22.01260485 10.33312327 -32.98309252 -0.823632975 -34.59003859 -6.797332217 19.625386
0.233 -0.174218051 -44.01030534 21.95502429 10.31906356 -32.95411454 -0.87416406 -34.59838765 -6.775145299 19.59608354
0.234 -0.188807495 -43.99572097 21.89767737 10.30485486 -32.92541689 -0.924495455 -34.60680732 -6.75308288 19.56692772
0.235 -0.203534332 -43.98129268 21.84063852 10.2905182 -32.89698832 -0.974558459 -34.6152977 -6.731146391 19.53795736
0.236 -0.218375186 -43.96700266 21.78397379 10.2760756 -32.86881918 -1.024291836 -34.62385852 -6.709341119 19.50920555
0.237 -0.233306148 -43.95283609 21.72774135 10.26154956 -32.84090108 -1.073641479 -34.63248912 -6.687675226 19.48070014
0.238 -0.248303314 -43.93878086 21.67199185 10.24696256 -32.81322682 -1.122560053 -34.64118853 -6.666158986 19.45246428
0.239 -0.263343291 -43.92482739 21.61676893 10.23233655 -32.78579045 -1.171006643 -34.64995553 -6.644804225 19.42451686
0.24 -0.278403643 -43.91096857 21.56210962 10.21769256 -32.7585874 -1.218946396 -34.65878867 -6.623623894 19.39687292
0.241 -0.293463295 -43.89719967 21.5080448 10.20305033 -32.73161461 -1.26635018 -34.66768637 -6.602631698 19.36954405
0.242 -0.308502866 -43.88351822 21.4545996 10.18842798 -32.70487061 -1.313194216 -34.67664693 -6.581841712 19.34253879
0.243 -0.324807011 -43.87021308 21.40115304 10.17279646 -32.67874832 -1.360033063 -34.68576908 -6.56041988 19.31577183
0.244 -0.343270548 -43.85742735 21.34745506 10.15514209 -32.6536499 -1.407299559 -34.69521959 -6.537816107 19.28944351
0.245 -0.363732629 -43.84508331 21.29360029 10.13561481 -32.62946397 -1.454888474 -34.70501259 -6.514122805 19.26355698
0.246 -0.386003141 -43.83311713 21.2396833 10.11439201 -32.60608828 -1.502692994 -34.71515455 -6.489466446 19.23810523
0.247 -0.409868211 -43.8214755 21.18579625 10.09167334 -32.58342693 -1.550607243 -34.7256448 -6.463999227 19.21307214
0.248 -0.435095824 -43.81011327 21.13202721 10.06767548 -32.56138875 -1.598528132 -34.73647613 -6.437891615 19.18843382
0.249 -0.461441382 -43.79899153 21.07845916 10.04262689 -32.53988639 -1.646356703 -34.74763533 -6.41132563 19.16416022
0.25 -0.488653115 -43.7880767 21.02516935 10.01676276 -32.51883649 -1.693999149 -34.75910392 -6.384489266 19.14021669
0.251 -0.516477292 -43.77733999 20.97222893 9.990320177 -32.49816031 -1.741367609 -34.77085884 -6.357571746 19.11656549
0.252 -0.544663185 -43.76675713 20.91970272 9.963533442 -32.47778451 -1.788380771 -34.78287326 -6.330759253 19.09316727
0.253 -0.572967703 -43.75630796 20.86764918 9.936629755 -32.45764179 -1.834964299 -34.79511733 -6.304231026 19.06998246
0.254 -0.601159627 -43.74597598 20.81612047 9.909825251 -32.43767133 -1.881051106 -34.80755906 -6.278155772 19.04697261
0.255 -0.629023373 -43.7357478 20.76516265 9.883321474 -32.41781913 -1.926581471 -34.82016504 -6.252688487 19.02410164
0.256 -0.656443465 -43.72563251 20.71475403 9.857277259 -32.39803896 -1.971529395 -34.83289755 -6.227909233 19.0012977
0.257 -0.684904299 -43.7159748 20.66415088 9.830470175 -32.37881257 -2.016585588 -34.84587282 -6.202885267 18.97846378
0.258 -0.714780414 -43.70681629 20.6132952 9.802351865 -32.36036017 -2.061978049 -34.85919752 -6.17740654 18.95577245
0.259 -0.745788996 -43.69807201 20.56229923 9.773182374 -32.34254321 -2.107578621 -34.87285683 -6.151640752 18.93320803
0.26 -0.777640755 -43.68967131 20.51127444 9.743228021 -32.32523881 -2.153260609 -34.88682902 -6.12576839 18.91075252
0.261 -0.810046046 -43.68155475 20.46032901 9.71275571 -32.30833715 -2.198901326 -34.9010867 -6.099974935 18.88838646
0.262 -0.842720516 -43.67367189 20.40956617 9.682027672 -32.29173992 -2.244383933 -34.9155978 -6.074444342 18.8660899
0.263 -0.875390203 -43.6659797 20.35908299 9.651296732 -32.27535934 -2.28959875 -34.93032663 -6.049353698 18.84384342
0.264 -0.907796046 -43.65844144 20.30896976 9.620802112 -32.25911771 -2.334444162 -34.9452348 -6.024868949 18.82162913
0.265 -0.937348015 -43.65109164 20.2592548 9.592841848 -32.24209876 -2.378548492 -34.96123201 -6.004233683 18.79822723
0.266 -0.965924488 -43.64383303 20.21005691 9.565791775 -32.22508089 -2.422115029 -34.97709083 -5.984493455 18.77482039
0.267 -0.993693101 -43.63663808 20.16145568 9.539503969 -32.20812542 -2.465099791 -34.9927209 -5.965382774 18.75155163
0.268 -1.0205708 -43.62948979 20.11351654 9.514050841 -32.19120082 -2.507434964 -35.00814781 -5.946982874 18.72842486
0.269 -1.046864644 -43.62245663 20.06607251 9.489261621 -32.17435218 -2.549212201 -35.02339898 -5.929104714 18.70536196
0.27 -1.074293689 -43.61586993 20.01842251 9.463564547 -32.15817272 -2.591196531 -35.03867989 -5.910687812 18.6824178
0.271 -1.10291194 -43.60968174 19.97065622 9.436792012 -32.14268616 -2.633387834 -35.05408096 -5.891718809 18.65970555
0.272 -1.132521066 -43.6038125 19.92290176 9.409119364 -32.12777736 -2.67565105 -35.06963011 -5.872328441 18.63723562
0.273 -1.162907445 -43.59819498 19.87528356 9.380736892 -32.11334305 -2.71785467 -35.0853425 -5.852661249 18.61501353
0.274 -1.193848434 -43.59277165 19.82792052 9.351843962 -32.09928974 -2.759872644 -35.1012225 -5.83286893 18.59304077
0.275 -1.225118081 -43.58749291 19.78092481 9.322643697 -32.08553246 -2.80158573 -35.1172654 -5.81310484 18.57131575
0.276 -1.256492272 -43.58231586 19.73440099 9.293338182 -32.07199425 -2.842882476 -35.133459 -5.793519562 18.54983477
0.277 -1.287661878 -43.57720724 19.68844272 9.264202914 -32.05857277 -2.883649877 -35.14982938 -5.774384006 18.52854401
0.278 -1.318295068 -43.57213889 19.64313339 9.235535895 -32.04516859 -2.923784046 -35.16638055 -5.75597333 18.50738297
0.279 -1.348420762 -43.56707548 19.59855953 9.207321657 -32.03181065 -2.963225024 -35.18297369 -5.738098809 18.486467
0.28 -1.377874169 -43.56199552 19.55479305 9.179709184 -32.01845507 -3.00189692 -35.19958949 -5.720869091 18.46579304
0.281 -1.406507866 -43.55688132 19.51189735 9.152832008 -32.00506528 -3.039733245 -35.21620612 -5.704378128 18.44535929
0.282 -1.434220461 -43.55172446 19.46990446 9.126803674 -31.99160849 -3.076683814 -35.23279764 -5.688683601 18.42514876
0.283 -1.46244045 -43.54681752 19.42810534 9.100510455 -31.97848589 -3.113365917 -35.2494449 -5.672856996 18.40505036
0.284 -1.491844397 -43.54224943 19.38634187 9.073147076 -31.96600228 -3.150108864 -35.26628771 -5.65650034 18.38524629
0.285 -1.522221748 -43.53794175 19.34473759 9.04489775 -31.95404467 -3.186784072 -35.28334045 -5.639740752 18.36574707
0.286 -1.553350303 -43.53382886 19.30341255 9.015958327 -31.94251318 -3.223266534 -35.30060587 -5.622717419 18.34655915
0.287 -1.585002022 -43.52985534 19.26248137 8.986530905 -31.93131874 -3.259436736 -35.31807703 -5.605575466 18.32768552
0.288 -1.616948311 -43.5259741 19.22205191 8.95681893 -31.9203816 -3.295182015 -35.33573905 -5.588460801 18.30912647
0.289 -1.64896483 -43.52214497 19.1822245 8.927022738 -31.90963044 -3.330397476 -35.3535707 -5.571515907 18.29088043
0.29 -1.680836011 -43.51833374 19.14309143 8.897335355 -31.89900198 -3.364986553 -35.37154612 -5.554876387 18.27294474
0.291 -1.712358761 -43.51451151 19.1047368 8.867939057 -31.88844075 -3.39886139 -35.38963615 -5.538668269 18.25531645
0.292 -1.743345487 -43.51065412 19.0672363 8.839002566 -31.877899 -3.431943074 -35.40780948 -5.52300591 18.23799289
0.293 -1.773626621 -43.50674169 19.03065733 8.810678697 -31.86733655 -3.464161703 -35.42603371 -5.507990339 18.22097223
0.294 -1.803052659 -43.50275815 18.99505911 8.783102452 -31.85672059 -3.495456305 -35.44427625 -5.493707916 18.20425399
0.295 -1.831495728 -43.49869073 18.96049296 8.75638955 -31.84602539 -3.525774643 -35.46250519 -5.48022934 18.18783946
0.296 -1.858850606 -43.4945295 18.92700261 8.730635434 -31.83523196 -3.555072943 -35.48069006 -5.467609092 18.17173202
0.297 -1.884488717 -43.49040274 18.89434888 8.706379859 -31.82424664 -3.583517105 -35.4987713 -5.456476372 18.15566855
0.298 -1.908396671 -43.48684195 18.86130969 8.683827458 -31.81327166 -3.612067884 -35.51667302 -5.447298496 18.13875065
0.299 -1.931589383 -43.48392769 18.82763385 8.661939072 -31.80266466 -3.641131217 -35.53449122 -5.439334402 18.12115861
0.3 -1.954057333 -43.48153009 18.79350896 8.640716841 -31.79233143 -3.670541194 -35.55222703 -5.432464177 18.1030208
0.301 -1.975797708 -43.47953998 18.75912169 8.62015754 -31.78220229 -3.700134269 -35.56987941 -5.42658071 18.08446434
0.302 -1.996814756 -43.47786421 18.72465369 8.600252178 -31.77222578 -3.729752475 -35.58744611 -5.421585514 18.06561328
0.303 -2.017119863 -43.47642227 18.69027888 8.580985876 -31.76236409 -3.759245622 -35.60492442 -5.417385979 18.04658732
0.304 -2.036731395 -43.47514408 18.6561615 8.562337955 -31.75258994 -3.788472778 -35.62231175 -5.413893769 18.02750085
0.305 -2.055674359 -43.47396853 18.62245485 8.544282199 -31.74288449 -3.817303241 -35.63960606 -5.411024058 18.00846216
0.306 -2.073979914 -43.47284252 18.58930039 8.526787268 -31.73323586 -3.845617158 -35.65680624 -5.408695347 17.98957285
0.307 -2.091684765 -43.47172038 18.55682731 8.509817207 -31.72363809 -3.873305845 -35.6739123 -5.406829563 17.97092742
0.308 -2.108830488 -43.47056319 18.52515227 8.49333203 -31.71409023 -3.900271876 -35.69092557 -5.405352226 17.95261297
0.309 -2.125462788 -43.46933823 18.49437944 8.477288353 -31.70459539 -3.926428955 -35.70784881 -5.404192547 17.93470905
0.31 -2.141630731 -43.46801817 18.46460073 8.461640052 -31.69515989 -3.951701626 -35.72468622 -5.403283444 17.91728771
0.311 -2.157385952 -43.46658046 18.43589619 8.446338944 -31.68579233 -3.976024838 -35.74144344 -5.402561519 17.90041356
0.312 -2.172781872 -43.46500664 18.40833448 8.431335468 -31.67650288 -3.999343423 -35.75812749 -5.401967073 17.88414402
0.313 -2.194768971 -43.46301254 18.3821043 8.410925809 -31.66967859 -4.02228517 -35.77161032 -5.392282802 17.87175198
0.314 -2.219525263 -43.46079544 18.35723918 8.388084817 -31.66374374 -4.044286089 -35.78491856 -5.379784161 17.8611044
0.315 -2.245309792 -43.45840563 18.33373365 8.364242141 -31.65809274 -4.065154232 -35.79881975 -5.366745991 17.85141351
0.316 -2.271963047 -43.45583087 18.3116013 8.339547682 -31.6526971 -4.084872265 -35.81322562 -5.353219375 17.84266685
0.317 -2.299342167 -43.45306393 18.2908524 8.314135702 -31.64753485 -4.103426456 -35.82805717 -5.33925369 17.83485155
0.318 -2.327319534 -43.4501015 18.27149337 8.288126171 -31.64258904 -4.120807023 -35.84324385 -5.324896085 17.82795397
0.319 -2.355781322 -43.44694341 18.25352652 8.261626135 -31.63784669 -4.13700827 -35.85872272 -5.310191259 17.82195953
0.32 -2.384626276 -43.44359204 18.23695003 8.234730878 -31.63329797 -4.152028556 -35.87443783 -5.295181354 17.81685262
0.321 -2.413876345 -43.44007898 18.22167235 8.207470023 -31.62894531 -4.165919692 -35.89035081 -5.279844584 17.81256933
0.322 -2.444384253 -43.43672965 18.20690997 8.179129377 -31.62502509 -4.179352523 -35.90684744 -5.264092981 17.80870782
0.323 -2.476129196 -43.43358763 18.19255145 8.149620379 -31.6215786 -4.192489162 -35.92402599 -5.248075117 17.805213
0.324 -2.508911878 -43.4306013 18.17866101 8.119127472 -31.61854326 -4.205266689 -35.9417788 -5.231821078 17.80210303
0.325 -2.542550699 -43.42772816 18.16530468 8.087818527 -31.61586893 -4.217621545 -35.96000797 -5.215362894 17.79939807
0.326 -2.576880826 -43.42493271 18.15254808 8.055845746 -31.61351487 -4.229491348 -35.97862487 -5.198732754 17.79711926
0.327 -2.611753222 -43.42218498 18.14045476 8.0233466 -31.61144762 -4.240816194 -35.99754953 -5.181961883 17.7952878
0.328 -2.647033683 -43.41945951 18.12908504 7.99044475 -31.60963949 -4.251539585 -36.01671013 -5.16507991 17.79392433
0.329 -2.682601862 -43.41673483 18.11849512 7.957250985 -31.60806766 -4.261609112 -36.0360424 -5.148114715 17.7930484
0.33 -2.718350376 -43.41399316 18.1087365 7.923864085 -31.60671355 -4.270976956 -36.05548915 -5.131092497 17.79267801
0.331 -2.754184035 -43.41122012 18.09985546 7.890371557 -31.60556238 -4.279600219 -36.07499974 -5.114037804 17.79282926
0.332 -2.790019045 -43.40840446 18.09189287 7.856850392 -31.60460268 -4.287441107 -36.09452972 -5.096973568 17.79351621
0.333 -2.825782253 -43.4055378 18.08488402 7.823367779 -31.60382583 -4.294467014 -36.11404036 -5.079921142 17.79475066
0.334 -2.861410435 -43.40261434 18.07885858 7.789981779 -31.60322576 -4.300650527 -36.13349823 -5.06290035 17.79654211
0.335 -2.896849514 -43.39963058 18.07384063 7.756742056 -31.6027985 -4.30596934 -36.15287478 -5.045929492 17.79889773
0.336 -2.932053858 -43.39658502 18.06984888 7.723690533 -31.60254184 -4.310406078 -36.172146 -5.02902536 17.8018224
0.337 -2.966985654 -43.39347791 18.06689681 7.690861974 -31.60245504 -4.313948086 -36.19129197 -5.012203248 17.80531877
0.338 -3.001749524 -43.39022744 18.06514778 7.658066131 -31.60243052 -4.316459152 -36.21046238 -4.995418879 17.8096799
0.339 -3.036802993 -43.38663571 18.06510721 7.624893482 -31.60247135 -4.3175167 -36.22988395 -4.978275612 17.81520994
0.34 -3.072070463 -43.3827443 18.06674705 7.591451974 -31.60263725 -4.317142734 -36.24947806 -4.960812739 17.82180329
0.341 -3.10744282 -43.37860149 18.06999097 7.557847758 -31.60294893 -4.315400213 -36.26918183 -4.943118214 17.82939138
0.342 -3.142828189 -43.37425034 18.07476103 7.524170701 -31.60342292 -4.312353822 -36.28894194 -4.925268018 17.83790809
0.343 -3.178150124 -43.36973 18.08097887 7.490496086 -31.6040732 -4.308068969 -36.30871362 -4.907328235 17.84728993
0.344 -3.21334592 -43.3650766 18.08856653 7.456886193 -31.60491211 -4.302611034 -36.32845975 -4.889356583 17.85747617
0.345 -3.248365045 -43.36032375 18.09744713 7.423391767 -31.60595088 -4.296044775 -36.34814995 -4.871403549 17.86840888
0.346 -3.283167657 -43.35550275 18.10754542 7.390053404 -31.6071999 -4.288433834 -36.36775982 -4.853513229 17.88003302
0.347 -3.31840399 -43.3508618 18.1182153 7.356357719 -31.60882362 -4.280314935 -36.38754983 -4.835597034 17.89200523
0.348 -3.354426709 -43.34657093 18.12902204 7.321922765 -31.61095114 -4.272115091 -36.40776681 -4.817733457 17.9041025
0.349 -3.39109548 -43.3426024 18.13997221 7.286879234 -31.61353815 -4.26382351 -36.42833479 -4.799950792 17.9163137
0.35 -3.428283281 -43.33893386 18.15107984 7.251345181 -31.6165496 -4.255423633 -36.44918528 -4.782277548 17.92863307
0.351 -3.465875547 -43.33554699 18.16236415 7.215426879 -31.61995756 -4.246895039 -36.47025671 -4.764741381 17.941059
0.352 -3.503769238 -43.33242719 18.1738474 7.179219767 -31.62374022 -4.238215204 -36.49149391 -4.747369123 17.95359263
0.353 -3.541871752 -43.32956233 18.18555365 7.142809473 -31.62788009 -4.229360457 -36.51284744 -4.730185907 17.96623727
0.354 -3.580100301 -43.32694173 18.19750802 7.106272414 -31.63236263 -4.220306613 -36.53427328 -4.713214454 17.97899797
0.355 -3.618381373 -43.32455555 18.20973597 7.069676294 -31.63717536 -4.211029459 -36.55573251 -4.696474614 17.99188119
0.356 -3.656650145 -43.32239432 18.2222629 7.03308067 -31.64230712 -4.201505134 -36.57719097 -4.679983158 18.00489451
0.357 -3.694849832 -43.32044881 18.23511373 6.996537567 -31.64774783 -4.191710434 -36.59861891 -4.663753925 18.01804633
0.358 -3.732931033 -43.31871022 18.24831254 6.960092118 -31.65348847 -4.181623088 -36.6199906 -4.647798207 18.03134553
0.359 -3.770840812 -43.31716071 18.26188466 6.923740003 -31.65946429 -4.171220561 -36.64133213 -4.632164657 18.04490997
0.36 -3.808871353 -43.31562269 18.27623435 6.88711126 -31.66555371 -4.160164722 -36.66289734 -4.616642493 18.05919719
0.361 -3.847129999 -43.31405892 18.29153152 6.850217732 -31.67187733 -4.148310587 -36.6846289 -4.601056216 18.07408047
0.362 -3.885509519 -43.31249908 18.30773241 6.813163265 -31.67844475 -4.1356928 -36.70646553 -4.585474608 18.08951292
0.363 -3.923918223 -43.31096795 18.32479423 6.776036877 -31.68526222 -4.122345498 -36.72835469 -4.569955646 18.1054514
0.364 -3.962278235 -43.30948649 18.34267566 6.738914397 -31.69233366 -4.10830185 -36.75025158 -4.554548221 18.12185639
0.365 -4.000523913 -43.30807251 18.36133721 6.701859957 -31.69966137 -4.093593762 -36.77211829 -4.53929347 18.13869181
0.366 -4.038600439 -43.3067412 18.3807414 6.664927332 -31.7072465 -4.078251684 -36.793923 -4.524225825 18.15592485
0.367 -4.07646257 -43.30550554 18.40085285 6.62816112 -31.71508934 -4.062304516 -36.81563928 -4.509373922 18.17352573
0.368 -4.114073534 -43.30437665 18.42163826 6.591597794 -31.72318964 -4.045779564 -36.83724548 -4.49476139 18.19146752
0.369 -4.151404049 -43.30336415 18.44306645 6.555266634 -31.73154685 -4.028702554 -36.8587242 -4.480407562 18.20972587
0.37 -4.188431455 -43.30247646 18.46510821 6.519190562 -31.74016034 -4.011097681 -36.88006174 -4.466328115 18.2282788
0.371 -4.225138911 -43.30172101 18.48773626 6.483386898 -31.74902951 -3.992987676 -36.90124773 -4.452535601 18.24710651
0.372 -4.261514659 -43.30110442 18.51092509 6.447868074 -31.7581539 -3.974393883 -36.92227465 -4.439039889 18.26619112
0.373 -4.297551335 -43.30063257 18.53465089 6.412642282 -31.76753314 -3.955336328 -36.94313748 -4.425848518 18.2855165
0.374 -4.333245317 -43.30031062 18.55889142 6.377714092 -31.7771669 -3.935833782 -36.96383332 -4.412966955 18.30506818
0.375 -4.368596133 -43.30014303 18.58362599 6.343085018 -31.7870548 -3.915903804 -36.9843611 -4.400398825 18.32483312
0.376 -4.40360591 -43.30013351 18.60883532 6.308754032 -31.79719627 -3.895562785 -37.0047212 -4.388146095 18.34479968
0.377 -4.438278892 -43.30028503 18.63450155 6.274718027 -31.80759057 -3.87482598 -37.02491527 -4.376209274 18.36495746
0.378 -4.472660586 -43.30053295 18.66070953 6.240750959 -31.81803663 -3.853624706 -37.04515465 -4.364659778 18.38574053
0.379 -4.507079934 -43.30076764 18.68778706 6.206676542 -31.82866922 -3.831683066 -37.06548024 -4.353149258 18.40709255
0.38 -4.541492181 -43.30101806 18.71567947 6.17256046 -31.83951914 -3.809046352 -37.08584404 -4.341704244 18.42892809
0.381 -4.575846598 -43.30131039 18.74432274 6.138454906 -31.8505938 -3.785767974 -37.10621435 -4.330366755 18.4511962
0.382 -4.610101964 -43.30166647 18.77365723 6.104402712 -31.86189797 -3.761897807 -37.12656506 -4.319171155 18.4738508
0.383 -4.644225209 -43.3021047 18.80362774 6.070438655 -31.87343465 -3.737482121 -37.14687485 -4.308145532 18.49685036
0.384 -4.678190215 -43.3026406 18.83418342 6.036590619 -31.88520548 -3.712563605 -37.16712651 -4.297312719 18.52015755
0.385 -4.711976735 -43.30328724 18.86527771 6.002880629 -31.8972111 -3.687181438 -37.18730636 -4.286691078 18.54373898
0.386 -4.745569435 -43.30405542 18.89686813 5.969325779 -31.90945124 -3.661371403 -37.20740366 -4.276295109 18.56756487
0.387 -4.778957044 -43.30495397 18.92891615 5.935939046 -31.92192482 -3.635166015 -37.22741017 -4.266135967 18.5916088
0.388 -4.812131622 -43.30598986 18.96138698 5.902730004 -31.93463006 -3.608594665 -37.24731968 -4.256221936 18.61584743
0.389 -4.845087913 -43.3071685 18.99424935 5.869705453 -31.9475646 -3.581683791 -37.26712771 -4.246558873 18.64026025
0.39 -4.877822802 -43.3084939 19.0274753 5.836869948 -31.96072561 -3.554457057 -37.28683113 -4.237150637 18.66482932
0.391 -4.91033483 -43.30996898 19.06103992 5.804226284 -31.97410998 -3.526935544 -37.30642789 -4.227999496 18.68953899
0.392 -4.942623733 -43.31159584 19.09492112 5.771775954 -31.98771453 -3.499137975 -37.32591678 -4.21910661 18.71437562
0.393 -4.974690131 -43.31337603 19.12909933 5.739519466 -32.00153621 -3.471080926 -37.34529718 -4.210472369 18.73932735
0.394 -5.006535271 -43.31531057 19.1635573 5.707456599 -32.01557204 -3.442779022 -37.36456896 -4.202096515 18.7643839
0.395 -5.038135189 -43.3173678 19.19830931 5.675444557 -32.02964158 -3.414222629 -37.38388809 -4.19409254 18.78989799
0.396 -5.069772276 -43.31944165 19.23365665 5.643315848 -32.04384127 -3.385157058 -37.40330537 -4.186165754 18.81586111
0.397 -5.101430506 -43.32154797 19.26957489 5.611128613 -32.05821759 -3.355601805 -37.42276826 -4.178302746 18.84216744
0.398 -5.13306291 -43.32370605 19.30601104 5.578931351 -32.07277397 -3.325600946 -37.44224725 -4.170537238 18.86877375
0.399 -5.164630003 -43.32593139 19.3429168 5.546765031 -32.0875116 -3.295194686 -37.46171737 -4.162896655 18.89564156
0.4 -5.196098877 -43.32823664 19.38024841 5.514664013 -32.1024303 -3.264419502 -37.48115761 -4.155403411 18.92273675
0.401 -5.227442364 -43.33063227 19.41796638 5.482656871 -32.11752917 -3.23330837 -37.50055045 -4.148075861 18.9500291
0.402 -5.258638135 -43.33312692 19.45603516 5.450767287 -32.13280674 -3.201891012 -37.51988131 -4.140928936 18.97749191
0.403 -5.289667901 -43.33572759 19.49442282 5.419014835 -32.14826107 -3.170194132 -37.53913811 -4.133974651 19.00510165
0.404 -5.32051672 -43.33843985 19.53310081 5.387415659 -32.16388977 -3.138241653 -37.55831084 -4.12722252 19.03283762
0.405 -5.351172404 -43.34126797 19.57204364 5.355983064 -32.17969008 -3.106054942 -37.57739122 -4.120679911 19.06068168
0.406 -5.381625079 -43.34421509 19.6112286 5.324727952 -32.19565893 -3.073653042 -37.59637243 -4.114352377 19.08861795
0.407 -5.411866796 -43.34728345 19.65063544 5.293659222 -32.21179303 -3.041052924 -37.61524889 -4.108243963 19.11663254
0.408 -5.441891116 -43.35047447 19.69024613 5.262784179 -32.22808892 -3.008269712 -37.634016 -4.102357485 19.1447133
0.409 -5.471692796 -43.35378893 19.73004461 5.232108858 -32.24454303 -2.975316878 -37.65266994 -4.096694775 19.17284958
0.41 -5.501267539 -43.35722709 19.77001657 5.201638272 -32.26115172 -2.942206422 -37.67120751 -4.09125688 19.20103206
0.411 -5.530611804 -43.36078873 19.81014925 5.171376616 -32.2779113 -2.90894903 -37.68962604 -4.086044176 19.22925257
0.412 -5.559671952 -43.36444849 19.85044561 5.141191063 -32.29462353 -2.87554526 -37.70808408 -4.08119914 19.25789539
0.413 -5.588699339 -43.36811854 19.89117119 5.110984019 -32.31142858 -2.841768302 -37.72657371 -4.076427174 19.2868384
0.414 -5.617665212 -43.37181297 19.93229386 5.080806022 -32.32834982 -2.807644344 -37.74505558 -4.071734323 19.31601153
0.415 -5.646530861 -43.37554562 19.97377122 5.050697426 -32.34538845 -2.773208682 -37.76350507 -4.067145888 19.34537973
0.416 -5.675264706 -43.37932727 20.01556534 5.020691357 -32.36254409 -2.738492917 -37.78190187 -4.062681795 19.37491248
0.417 -5.70384263 -43.38316291 20.05764265 4.990813284 -32.37981176 -2.703525002 -37.80023033 -4.058353841 19.40458434
0.418 -5.732249226 -43.38704782 20.0999746 4.961079603 -32.39717782 -2.668328598 -37.81848034 -4.054161461 19.43437634
0.419 -5.760472656 -43.39097824 20.14253744 4.931503043 -32.41463124 -2.632923413 -37.83664401 -4.050104001 19.46427285
0.42 -5.788503219 -43.39495214 20.18531112 4.902094138 -32.43216401 -2.597326112 -37.85471479 -4.04618187 19.4942605
0.421 -5.816332895 -43.39896822 20.22827854 4.872861666 -32.44976978 -2.56155094 -37.87268722 -4.042395729 19.52432783
0.422 -5.843955048 -43.40302538 20.27142501 4.843812943 -32.46744315 -2.525610134 -37.89055672 -4.038746048 19.55446508
0.423 -5.871364241 -43.40712247 20.3147379 4.814954012 -32.48517931 -2.48951422 -37.90831953 -4.035232932 19.58466391
0.424 -5.898556099 -43.41125828 20.35820632 4.78628979 -32.5029739 -2.453272257 -37.92597255 -4.031856125 19.61491729
0.425 -5.925527179 -43.41543164 20.40182089 4.757824211 -32.52082302 -2.416892063 -37.94351331 -4.028615126 19.64521922
0.426 -5.952274814 -43.4196415 20.44557347 4.729560396 -32.53872333 -2.380380424 -37.96093983 -4.025509355 19.67556458
0.427 -5.978796923 -43.42388702 20.48945693 4.701500852 -32.55667202 -2.343743294 -37.97825052 -4.022538284 19.7059489
0.428 -6.005091807 -43.4281676 20.53346494 4.673647681 -32.57466676 -2.306985956 -37.99544401 -4.019701504 19.73636825
0.429 -6.031086077 -43.43248195 20.57756341 4.645934639 -32.59256384 -2.270140163 -38.01261943 -4.017131543 19.76708573
0.43 -6.056966168 -43.43675034 20.62197867 4.618243516 -32.61042001 -2.233012571 -38.02981735 -4.014634176 19.79812059
0.431 -6.082753203 -43.44097301 20.66672626 4.590612769 -32.62829585 -2.195588282 -38.0469894 -4.012155915 19.8293591
0.432 -6.108413847 -43.44516284 20.71177139 4.5630775 -32.64619412 -2.157896333 -38.06411406 -4.009719136 19.86077144
0.433 -6.133946974 -43.44933532 20.75711682 4.535639379 -32.66413261 -2.119934653 -38.08119019 -4.007339471 19.89235589
0.434 -6.159428256 -43.45351411 20.8028604 4.508220005 -32.6821683 -2.081622214 -38.09826566 -4.005018766 19.92418077
0.435 -6.184931493 -43.45771569 20.84911043 4.480741709 -32.70035253 -2.042868691 -38.11538826 -4.002753294 19.95632222
0.436 -6.210509991 -43.46195102 20.89599094 4.453145305 -32.71873234 -2.00356938 -38.13259546 -4.000542311 19.98886422
0.437 -6.236227189 -43.46621524 20.94364426 4.425359829 -32.73734251 -1.963603649 -38.14993232 -3.99836727 20.0219073
0.438 -6.262194969 -43.47047608 20.99228636 4.397261309 -32.75620979 -1.922788244 -38.16747705 -3.996170345 20.05561185
0.439 -6.288556916 -43.47469236 21.04224347 4.368687388 -32.77538042 -1.880845823 -38.18533316 -3.993880522 20.09021446
0.44 -6.31541344 -43.47882199 21.0937699 4.339522012 -32.79487833 -1.837559171 -38.20357537 -3.991437241 20.12589998
0.441 -6.342899602 -43.48283507 21.14723899 4.309608269 -32.81477277 -1.792610123 -38.222305 -3.988786831 20.16293085
0.442 -6.371163469 -43.48673945 21.20306751 4.278775403 -32.83518652 -1.745644374 -38.241632 -3.985910635 20.20159066
0.443 -6.400543572 -43.49043675 21.26186014 4.246650803 -32.85618793 -1.696148457 -38.26179051 -3.98263109 20.24233426
0.444 -6.431265712 -43.49385916 21.32411931 4.2129788 -32.87784389 -1.643693669 -38.28294338 -3.978834742 20.28552792
0.445 -6.463102679 -43.4968899 21.39032196 4.177855628 -32.8999415 -1.587816468 -38.30508559 -3.974581268 20.33181245
0.446 -6.495609731 -43.49920919 21.46156552 4.141633659 -32.92238966 -1.52756444 -38.32803897 -3.969780278 20.38179902
0.447 -6.528927214 -43.50079462 21.53813907 4.104232732 -32.94535489 -1.462703442 -38.35182436 -3.96432371 20.4354686
0.448 -6.563113037 -43.50166109 21.62013343 4.06559014 -32.96888133 -1.393153471 -38.37648073 -3.95821476 20.49288629
0.449 -6.598205669 -43.50182356 21.70759723 4.025664836 -32.99300151 -1.318869918 -38.40203328 -3.951461215 20.55408737
0.45 -6.634228909 -43.50129898 21.80054489 3.984432353 -33.01774077 -1.239836946 -38.42849665 -3.944076088 20.61908265
0.451 -6.671195754 -43.5001072 21.89896309 3.941880678 -33.04312018 -1.156062084 -38.45587743 -3.936077518 20.68786306
0.452 -6.709111449 -43.49827117 22.00281621 3.898006938 -33.06915833 -1.067571729 -38.48417625 -3.927488198 20.76040347
0.453 -6.747975878 -43.49581665 22.11205078 3.85281477 -33.09587228 -0.974407358 -38.51338943 -3.918334503 20.83666602
0.454 -6.787612608 -43.49281478 22.22647361 3.806299848 -33.12310374 -0.876735401 -38.54359708 -3.908882972 20.9168973
0.455 -6.827963678 -43.48929165 22.34610381 3.75840742 -33.15077992 -0.77453798 -38.57487931 -3.899265855 21.00133515
0.456 -6.869276029 -43.48520625 22.47108594 3.709165246 -33.17917287 -0.667678303 -38.60710165 -3.889159839 21.08951783
0.457 -6.911522444 -43.48059491 22.60129954 3.658609003 -33.20829386 -0.556254459 -38.64023947 -3.878606614 21.18135707
0.458 -6.954681213 -43.47549482 22.73662536 3.606768945 -33.23815599 -0.440363633 -38.67427131 -3.867646958 21.27676613
0.459 -6.998504549 -43.46974134 22.87729764 3.554220234 -33.26853727 -0.319589865 -38.70871243 -3.855937571 21.37581039
0.46 -7.042156209 -43.4632131 23.02406864 3.501435905 -33.29946233 -0.193403026 -38.74343097 -3.843938291 21.47893457
0.461 -7.085241552 -43.45614037 23.17658641 3.448315864 -33.33063324 -0.062140492 -38.77869868 -3.832375755 21.58685347
0.462 -7.12818531 -43.44851362 23.3352189 3.394762977 -33.36248526 0.07452789 -38.81443282 -3.820869902 21.69913524
0.463 -7.171163763 -43.4403828 23.49997204 3.340725018 -33.39520488 0.21661426 -38.85061197 -3.80932843 21.81554684
0.464 -7.214238257 -43.43181901 23.67074784 3.286151644 -33.42885749 0.364037908 -38.88726198 -3.797799644 21.9360217
0.465 -7.257469419 -43.42288533 23.84744752 3.23099282 -33.4634993 0.516717903 -38.92440862 -3.786324449 22.06049458
0.466 -7.300717428 -43.41366559 24.02979189 3.175358305 -33.4988478 0.674527384 -38.96199997 -3.775036282 22.18928876
0.467 -7.343126617 -43.40388837 24.21864684 3.120009333 -33.53455654 0.838329695 -38.9996166 -3.764021036 22.32318991
0.468 -7.384802815 -43.39345671 24.41455596 3.064882394 -33.57110254 1.008454361 -39.03727611 -3.753163562 22.46179106
0.469 -7.425917161 -43.38245882 24.6173275 3.009825262 -33.60856068 1.184735886 -39.07506224 -3.742488214 22.60497983
0.47 -7.466630481 -43.37097447 24.82678472 2.954694369 -33.64699873 1.367022591 -39.11305409 -3.732015712 22.75265379
0.471 -7.506716248 -43.35919088 25.0424913 2.899368284 -33.68615382 1.554921962 -39.15147243 -3.722251341 22.90529043
0.472 -7.546391735 -43.34702014 25.26463391 2.844100383 -33.72587298 1.748865679 -39.18996586 -3.712664634 23.06298051
0.473 -7.585116878 -43.33407051 25.49443748 2.789459577 -33.76636062 1.949857525 -39.22817682 -3.703083784 23.22577135
0.474 -7.622915078 -43.32044333 25.73181261 2.735225313 -33.80776346 2.157716568 -39.26632041 -3.69377225 23.39364324
0.475 -7.638058446 -43.32051053 25.9541431 2.705173452 -33.85912866 2.352872761 -39.28953843 -3.704559951 23.54468843
0.476 -7.568694097 -43.37565758 26.08821133 2.769301043 -33.9462478 2.47185593 -39.25332452 -3.790659826 23.60681148
0.477 -7.501883207 -43.42956099 26.21890381 2.831179327 -34.03142305 2.587928874 -39.21831392 -3.874493648 23.66745965
0.478 -7.436376597 -43.4828709 26.34813544 2.892246938 -34.11565931 2.702944862 -39.18356797 -3.95701914 23.72743331
0.479 -7.371139308 -43.53607577 26.47744227 2.95310851 -34.19985142 2.81808944 -39.14890383 -4.039451967 23.78753753
0.48 -7.305783665 -43.58959144 26.60773691 3.01412167 -34.2846456 2.934171664 -39.11411971 -4.122391012 23.84819968
0.481 -7.239924772 -43.64368743 26.73973454 3.075648653 -34.37047841 3.051832685 -39.07900762 -4.206278627 23.90975436
0.482 -7.173224408 -43.69854105 26.87398999 3.138011379 -34.45765007 3.171574388 -39.0433808 -4.291441883 23.97246208
0.483 -7.106208614 -43.75347427 27.00911095 3.200729493 -34.54511983 3.292167848 -39.00750819 -4.376946594 24.03567011
0.484 -7.040328956 -43.80727005 27.14212426 3.262444644 -34.63095087 3.410959578 -38.97216699 -4.460908897 24.09798542
0.485 -6.975837737 -43.86012111 27.27306735 3.322989062 -34.71536925 3.528008188 -38.93742411 -4.543365127 24.15940505
0.486 -6.911806023 -43.91194726 27.40259861 3.383527708 -34.79829328 3.644072368 -38.90248367 -4.62437045 24.2201389
0.487 -6.84772251 -43.96279224 27.53120696 3.444203035 -34.87992112 3.759419573 -38.86741192 -4.704447627 24.28050459
0.488 -6.783911944 -44.01281888 27.65883814 3.504690306 -34.9604518 3.873980172 -38.83240418 -4.78364767 24.34048485
0.489 -6.720637199 -44.0621543 27.78543825 3.564726285 -35.04003859 3.987688764 -38.7976192 -4.862005836 24.40006039
0.49 -6.658107863 -44.11089888 27.9109596 3.62410059 -35.11880126 4.100488698 -38.76318429 -4.939548244 24.45921308
0.491 -6.597796256 -44.15948236 28.03467493 3.68238567 -35.19694091 4.212188392 -38.72890598 -5.015321578 24.51733764
0.492 -6.537541548 -44.20745565 28.15791316 3.739647082 -35.27455397 4.323005644 -38.69565114 -5.091368956 24.57560295
0.493 -6.478369842 -44.25503014 28.28001971 3.795903631 -35.35157431 4.43284098 -38.6629572 -5.166670231 24.63342497
0.494 -6.420204325 -44.30222881 28.40108352 3.851423615 -35.42799289 4.54187668 -38.63058532 -5.241119796 24.69078485
0.495 -6.361509149 -44.34875189 28.52201264 3.907728211 -35.50354602 4.650999848 -38.59762538 -5.314979687 24.74807104
0.496 -6.302242389 -44.39467573 28.64295701 3.964659824 -35.57839901 4.760240695 -38.56425321 -5.388508111 24.80541306
0.497 -6.242727567 -44.44013448 28.76382771 4.021893941 -35.65271138 4.869500036 -38.53066464 -5.461728468 24.86277892
0.498 -6.183234468 -44.48524288 28.88455312 4.079159488 -35.7266198 4.978697211 -38.49702362 -5.534662906 24.92014303
0.499 -6.123980912 -44.53010156 29.00508581 4.136236985 -35.80024605 5.087776049 -38.46346334 -5.607337738 24.97748974
0.5 -6.065137771 -44.57479864 29.12540087 4.192953626 -35.8736988 5.196703099 -38.43008905 -5.679783344 25.03481273
0.501 -6.006834646 -44.61940894 29.24549012 4.249177759 -35.94707191 5.305462242 -38.39698134 -5.752031258 25.09211241
0.502 -5.94916775 -44.66400083 29.36536561 4.304810915 -36.02045375 5.414057288 -38.36420094 -5.824118779 25.14939798
0.503 -5.89219386 -44.70862747 29.48505234 4.359869527 -36.0938955 5.522545288 -38.33170882 -5.896020873 25.20666064
0.504 -5.834408545 -44.75293019 29.60538163 4.416091019 -36.16699214 5.631873727 -38.29836156 -5.967740255 25.26418429
0.505 -5.775158234 -44.79683282 29.72684614 4.473828994 -36.23979266 5.742361998 -38.26406567 -6.03969288 25.32228089
0.506 -5.714798909 -44.8404786 29.84934847 4.532724452 -36.31246872 5.853901664 -38.22903869 -6.111903413 25.38091778
0.507 -5.653623981 -44.88398651 29.97281006 4.592481335 -36.38516327 5.966404997 -38.19346019 -6.184393287 25.44006904
0.508 -5.591873206 -44.92745694 30.09717199 4.652857513 -36.45799794 6.079805115 -38.15747719 -6.257183654 25.4997163
0.509 -5.529741784 -44.97097634 30.22239413 4.71365561 -36.53107901 6.194054668 -38.12120973 -6.330297192 25.55984875
0.51 -5.467386297 -45.01461927 30.34845316 4.774717077 -36.60449972 6.309123673 -38.0847544 -6.403758124 25.62046239
0.511 -5.404929997 -45.05845026 30.47534086 4.835916893 -36.67834254 6.424997739 -38.04818754 -6.477592389 25.68155944
0.512 -5.342467695 -45.10252601 30.60306328 4.897158659 -36.75268188 6.541676996 -38.01156814 -6.551828241 25.74314816
0.513 -5.278856902 -45.14652954 30.73221723 4.960015661 -36.82708297 6.659983185 -37.97377079 -6.626225916 25.8053509
0.514 -5.212778083 -45.19019527 30.86366073 5.025421676 -36.90143861 6.780556 -37.93438238 -6.701340898 25.86867335
0.515 -5.144684469 -45.2336979 30.99726243 5.09291669 -36.97595798 6.903250546 -37.89368316 -6.777199607 25.93307234
0.516 -5.074948346 -45.27718374 31.13292117 5.162122817 -37.05081773 7.027954239 -37.85190338 -6.853827536 25.99851629
0.517 -5.003870755 -45.32077682 31.27056708 5.232734434 -37.12617015 7.154587104 -37.80922935 -6.931252563 26.06498626
0.518 -4.931691542 -45.36458263 31.41015844 5.304508034 -37.2021476 7.283098384 -37.76580951 -7.009505387 26.13247487
0.519 -4.858597787 -45.40869048 31.55167794 5.377253726 -37.27886503 7.413462667 -37.7217596 -7.088619033 26.2009848
0.52 -4.784730979 -45.45317516 31.69512896 5.450828024 -37.35642173 7.545676163 -37.67716701 -7.168628069 26.27052728
0.521 -4.709192156 -45.49777106 31.8409909 5.526593032 -37.43442188 7.680459943 -37.63102 -7.249236843 26.34116553
0.522 -4.630283752 -45.54207418 31.99032094 5.605914224 -37.51260994 7.818682396 -37.58261815 -7.330979305 26.41348637
0.523 -4.548489231 -45.5862653 32.14298024 5.688250241 -37.59121795 7.96016532 -37.53231128 -7.413921856 26.48746285
0.524 -4.464241005 -45.63049217 32.29882409 5.773160243 -37.67042056 8.104753946 -37.48036888 -7.498073445 26.56304691
0.525 -4.37788916 -45.67487131 32.45773606 5.86028782 -37.75035604 8.252324589 -37.42700861 -7.583439375 26.64020098
0.526 -4.289714285 -45.71949521 32.61962769 5.949347813 -37.8311356 8.402783453 -37.37240432 -7.670024621 26.71889843
0.527 -4.199937625 -45.7644373 32.78443722 6.040115928 -37.91284966 8.556064815 -37.31669245 -7.757835675 26.7991235
0.528 -4.107508204 -45.80934295 32.95269157 6.134274682 -37.99494559 8.713029198 -37.25859794 -7.846415841 26.88090335
0.529 -4.010918381 -45.85385049 33.12539087 6.232818336 -38.07728119 8.874391249 -37.19771301 -7.936441444 26.9648754
0.53 -3.910763044 -45.89817253 33.30235012 6.335135731 -38.16011146 9.039948679 -37.13441346 -8.027938222 27.05098197
0.531 -3.807456817 -45.9424716 33.48348255 6.440802272 -38.24364084 9.209600588 -37.0689592 -8.120945675 27.13920692
0.532 -3.701296306 -45.98687788 33.66876778 6.549515597 -38.32804183 9.383314516 -37.00153427 -8.215513256 27.22956258
0.533 -3.592544763 -46.03149836 33.85818031 6.661147524 -38.4134124 9.561128731 -36.9321616 -8.311561776 27.32200934
0.534 -3.479560494 -46.07582922 34.05267267 6.777855486 -38.49911349 9.744259502 -36.85931786 -8.408835986 27.4168143
0.535 -3.361491837 -46.11970468 34.25296606 6.899988507 -38.5852201 9.933144555 -36.78298034 -8.507971754 27.51450558
0.536 -3.238943794 -46.16334871 34.45891094 7.026922878 -38.67201088 10.12761435 -36.70353281 -8.609014289 27.61504905
0.537 -3.11238014 -46.20693486 34.67041872 7.15818252 -38.75970822 10.3275653 -36.62126675 -8.71200671 27.71843494
0.538 -2.982194816 -46.2505904 34.88739347 7.29361349 -38.84839202 10.53302266 -36.53617895 -8.816759285 27.82455877
0.539 -2.846669278 -46.29376285 35.11087015 7.435392751 -38.93739652 10.74525443 -36.44675147 -8.923070083 27.93375402
0.54 -2.705256348 -46.33634984 35.34142116 7.583539473 -39.02687543 10.96453828 -36.35316952 -9.031560277 28.04650429
0.541 -2.558610258 -46.37856298 35.57885553 7.737377262 -39.11708942 11.19066582 -36.2558496 -9.142252607 28.16276171
0.542 -2.407311741 -46.42056365 35.82296906 7.896402989 -39.2081992 11.42347282 -36.15506411 -9.25505916 28.28243303
0.543 -2.250561377 -46.46199957 36.07419977 8.062274587 -39.29955797 11.66385362 -36.04945553 -9.369278172 28.40543384
0.544 -2.087133226 -46.50249962 36.33346772 8.235464245 -39.39112757 11.91231862 -35.93901382 -9.48574326 28.53249816
0.545 -1.917845119 -46.54228137 36.6004385 8.415120106 -39.48315821 12.16851748 -35.82426693 -9.604427788 28.66351654
0.546 -1.74349381 -46.58151056 36.87469399 8.600850886 -39.57566386 12.4322555 -35.70529166 -9.724878913 28.79817319
0.547 -1.562643491 -46.61961444 37.15707975 8.794466303 -39.66795414 12.70457782 -35.58081801 -9.846862978 28.93675434
0.548 -1.375133592 -46.6565079 37.44787405 8.995512438 -39.76020835 12.98543533 -35.45134946 -9.970957468 29.07965448
0.549 -1.181972513 -46.6924219 37.74655115 9.203170214 -39.85257799 13.27441392 -35.31730859 -10.09687235 29.22658744
0.55 -0.983898912 -46.72619026 38.05437506 9.417399444 -39.94380207 13.57310962 -35.17843042 -10.22264211 29.37853592
0.551 -0.777521859 -46.75913743 38.37001891 9.640978993 -40.0351164 13.87996917 -35.03323875 -10.35152666 29.53390351
0.552 -0.56540233 -46.79069162 38.6936765 9.871405644 -40.12605315 14.19519108 -34.8832361 -10.48192461 29.69340312
0.553 -0.347324083 -46.82057545 39.02536435 10.1097652 -40.21595441 14.51927491 -34.72740453 -10.61295842 29.85673658
0.554 -0.122609249 -46.8484379 39.36556136 10.35577654 -40.30484713 14.85219754 -34.56626755 -10.74546368 30.02453077
0.555 0.051436714 -46.92185453 39.65690179 10.54520134 -40.44165081 15.13328015 -34.43702716 -10.90139207 30.16388639
0.556 0.020860067 -47.03024448 39.90148919 10.5122901 -40.62644323 15.35680789 -34.46082574 -11.03065736 30.30522591
0.557 -0.011649805 -47.15469373 40.12422806 10.47798758 -40.82426034 15.55975625 -34.48824284 -11.17724813 30.42715951
0.558 -0.00864548 -47.26966686 40.35710471 10.48124388 -41.01146797 15.77423827 -34.48595659 -11.32182716 30.55337904
0.559 -0.00864458 -47.38566194 40.59036055 10.48124273 -41.20028801 15.98906855 -34.48595808 -11.46701356 30.68022686
0.56 -0.00864365 -47.50194537 40.82595046 10.4812416 -41.39007187 16.2062944 -34.48595956 -11.61305606 30.8085901
0.561 -0.008642687 -47.61874183 41.06438006 10.48124048 -41.58120046 16.42638907 -34.48596105 -11.7602511 30.93875127
0.562 -0.008641689 -47.73621007 41.30603474 10.48123938 -41.77395086 16.64971678 -34.48596253 -11.90881608 31.07092922
0.563 -0.008640654 -47.85445615 41.55120282 10.48123828 -41.9685169 16.87655361 -34.48596402 -12.05890497 31.20529125
0.564 -0.00892728 -47.97104804 41.77512749 10.48095204 -42.15629852 17.08360517 -34.48619803 -12.20542355 31.32605558
0.565 -0.036353659 -47.99588749 41.77095203 10.4506651 -42.18685286 17.07686956 -34.50620059 -12.22259505 31.32363666
0.566 -0.032468718 -47.96954989 41.76891815 10.45492034 -42.15547206 17.07617985 -34.50327176 -12.19542384 31.32761362
0.567 -0.012102165 -47.95499206 41.76550944 10.47736644 -42.13580742 17.0748575 -34.48830524 -12.18604093 31.32430482
0.568 -0.012034377 -47.95499206 41.76550944 10.47743423 -42.13580742 17.0748575 -34.48823745 -12.18604093 31.32430482
0.569 -0.012034377 -47.95499206 41.76550944 10.47743423 -42.13580742 17.0748575 -34.48823745 -12.18604093 31.32430482
0.57 -0.012034377 -47.95499206 41.76550944 10.47743423 -42.13580742 17.0748575 -34.48823745 -12.18604093 31.32430482
0.571 -0.012034377 -47.95499206 41.76550944 10.47743423 -42.13580742 17.0748575 -34.48823745 -12.18604093 31.32430482
0.572 -0.012034377 -47.95499206 41.76550944 10.47743423 -42.13580742 17.0748575 -34.48823745 -12.18604093 31.32430482
0.573 -0.012034377 -47.95499206 41.76550944 10.47743423 -42.13580742 17.0748575 -34.48823745 -12.18604093 31.32430482
0.574 -0.012034377 -47.95499206 41.76550944 10.47743423 -42.13580742 17.0748575 -34.48823745 -12.18604093 31.32430482
0.575 -0.012034377 -47.95499206 41.76550944 10.47743423 -42.13580742 17.0748575 -34.48823745 -12.18604093 31.32430482
0.576 -0.012034377 -47.95499206 41.76550944 10.47743423 -42.13580742 17.0748575 -34.48823745 -12.18604093 31.32430482
0.577 -0.012034377 -47.95499206 41.76550944 10.47743423 -42.13580742 17.0748575 -34.48823745 -12.18604093 31.32430482
0.578 -0.012034377 -47.95499206 41.76550944 10.47743423 -42.13580742 17.0748575 -34.48823745 -12.18604093 31.32430482
0.579 -0.012034377 -47.95499206 41.76550944 10.47743423 -42.13580742 17.0748575 -34.48823745 -12.18604093 31.32430482
0.58 -0.012034377 -47.95499206 41.76550944 10.47743423 -42.13580742 17.0748575 -34.48823745 -12.18604093 31.32430482
0.581 -0.012034377 -47.95499206 41.76550944 10.47743423 -42.13580742 17.0748575 -34.48823745 -12.18604093 31.32430482
0.582 -0.012034377 -47.95499206 41.76550944 10.47743423 -42.13580742 17.0748575 -34.48823745 -12.18604093 31.32430482
0.583 -0.012008733 -47.95499206 41.76550944 10.47745987 -42.13580742 17.0748575 -34.4882118 -12.18604093 31.32430482
0.584 -0.010837398 -47.95499206 41.76550944 10.4786312 -42.13580742 17.0748575 -34.48704047 -12.18604093 31.32430482
0.585 -0.006241128 -47.95499206 41.76550944 10.48322747 -42.13580742 17.0748575 -34.4824442 -12.18604093 31.32430482
0.586 -0.006241128 -47.95499206 41.76550944 10.48322747 -42.13580742 17.0748575 -34.4824442 -12.18604093 31.32430482
0.587 -0.006241128 -47.95499206 41.76550944 10.48322747 -42.13580742 17.0748575 -34.4824442 -12.18604093 31.32430482
0.588 -0.006241128 -47.95499206 41.76550944 10.48322747 -42.13580742 17.0748575 -34.4824442 -12.18604093 31.32430482
0.589 -0.006241128 -47.95499206 41.76550944 10.48322747 -42.13580742 17.0748575 -34.4824442 -12.18604093 31.32430482
0.59 -0.006241128 -47.95499206 41.76550944 10.48322747 -42.13580742 17.0748575 -34.4824442 -12.18604093 31.32430482
0.591 -0.006241128 -47.95499206 41.76550944 10.48322747 -42.13580742 17.0748575 -34.4824442 -12.18604093 31.32430482
0.592 -0.006241128 -47.95499206 41.76550944 10.48322747 -42.13580742 17.0748575 -34.4824442 -12.18604093 31.32430482
0.593 -0.006241128 -47.95499206 41.76550944 10.48322747 -42.13580742 17.0748575 -34.4824442 -12.18604093 31.32430482
0.594 -0.006241128 -47.95499206 41.76550944 10.48322747 -42.13580742 17.0748575 -34.4824442 -12.18604093 31.32430482
0.595 -0.006241128 -47.95499206 41.76550944 10.48322747 -42.13580742 17.0748575 -34.4824442 -12.18604093 31.32430482
0.596 -0.006241128 -47.95499206 41.76550944 10.48322747 -42.13580742 17.0748575 -34.4824442 -12.18604093 31.32430482
0.597 -0.006241128 -47.95499206 41.76550944 10.48322747 -42.13580742 17.0748575 -34.4824442 -12.18604093 31.32430482
0.598 -0.006241128 -47.95499206 41.76550944 10.48322747 -42.13580742 17.0748575 -34.4824442 -12.18604093 31.32430482
0.599 -0.006241128 -47.95499206 41.76550944 10.48322747 -42.13580742 17.0748575 -34.4824442 -12.18604093 31.32430482
0.6 -0.006241128 -47.95499206 41.76550944 10.48322747 -42.13580742 17.0748575 -34.4824442 -12.18604093 31.32430482
0.601 -0.006241128 -47.95499206 41.76550944 10.48322747 -42.13580742 17.0748575 -34.4824442 -12.18604093 31.32430482
0.602 -0.006241128 -47.95499206 41.76550944 10.48322747 -42.13580742 17.0748575 -34.4824442 -12.18604093 31.32430482
0.603 -0.006241128 -47.95499206 41.76550944 10.48322747 -42.13580742 17.0748575 -34.4824442 -12.18604093 31.32430482
0.604 -0.006241128 -47.95499206 41.76550944 10.48322747 -42.13580742 17.0748575 -34.4824442 -12.18604093 31.32430482
0.605 -0.006241128 -47.95499206 41.76550944 10.48322747 -42.13580742 17.0748575 -34.4824442 -12.18604093 31.32430482
0.606 -0.006241128 -47.95499206 41.76550944 10.48322747 -42.13580742 17.0748575 -34.4824442 -12.18604093 31.32430482
0.607 -0.006241128 -47.95499206 41.76550944 10.48322747 -42.13580742 17.0748575 -34.4824442 -12.18604093 31.32430482
0.608 -0.006241128 -47.95499206 41.76550944 10.48322747 -42.13580742 17.0748575 -34.4824442 -12.18604093 31.32430482
0.609 -0.006241128 -47.95499206 41.76550944 10.48322747 -42.13580742 17.0748575 -34.4824442 -12.18604093 31.32430482
0.61 -0.006241128 -47.95499206 41.76550944 10.48322747 -42.13580742 17.0748575 -34.4824442 -12.18604093 31.32430482
0.611 -0.006241128 -47.95499206 41.76550944 10.48322747 -42.13580742 17.0748575 -34.4824442 -12.18604093 31.32430482
0.612 -0.006241128 -47.95499206 41.76550944 10.48322747 -42.13580742 17.0748575 -34.4824442 -12.18604093 31.32430482
0.613 -0.006241128 -47.95499206 41.76550944 10.48322747 -42.13580742 17.0748575 -34.4824442 -12.18604093 31.32430482
0.614 -0.006241128 -47.95499206 41.76550944 10.48322747 -42.13580742 17.0748575 -34.4824442 -12.18604093 31.32430482
0.615 -0.006241128 -47.95499206 41.76550944 10.48322747 -42.13580742 17.0748575 -34.4824442 -12.18604093 31.32430482
0.616 -0.006241128 -47.95499206 41.76550944 10.48322747 -42.13580742 17.0748575 -34.4824442 -12.18604093 31.32430482
0.617 -0.006241128 -47.95499206 41.76550944 10.48322747 -42.13580742 17.0748575 -34.4824442 -12.18604093 31.32430482
0.618 -0.006241128 -47.95499206 41.76550944 10.48322747 -42.13580742 17.0748575 -34.4824442 -12.18604093 31.32430482
0.619 -0.006241128 -47.95499206 41.76550944 10.48322747 -42.13580742 17.0748575 -34.4824442 -12.18604093 31.32430482
0.62 -0.006241128 -47.95499206 41.76550944 10.48322747 -42.13580742 17.0748575 -34.4824442 -12.18604093 31.32430482
0.621 -0.006241128 -47.95499206 41.76550944 10.48322747 -42.13580742 17.0748575 -34.4824442 -12.18604093 31.32430482
0.622 -0.006241128 -47.95499206 41.76550944 10.48322747 -42.13580742 17.0748575 -34.4824442 -12.18604093 31.32430482
0.623 -0.006241128 -47.95499206 41.76550944 10.48322747 -42.13580742 17.0748575 -34.4824442 -12.18604093 31.32430482
0.624 -0.006241128 -47.95499206 41.76550944 10.48322747 -42.13580742 17.0748575 -34.4824442 -12.18604093 31.32430482
0.625 -0.006241128 -47.95499206 41.76550944 10.48322747 -42.13580742 17.0748575 -34.4824442 -12.18604093 31.32430482
0.626 -0.006241128 -47.95499206 41.76550944 10.48322747 -42.13580742 17.0748575 -34.4824442 -12.18604093 31.32430482
0.627 -0.006241128 -47.95499206 41.76550944 10.48322747 -42.13580742 17.0748575 -34.4824442 -12.18604093 31.32430482
0.628 -0.006241128 -47.95499206 41.76550944 10.48322747 -42.13580742 17.0748575 -34.4824442 -12.18604093 31.32430482
0.629 -0.006241128 -47.95499206 41.76550944 10.48322747 -42.13580742 17.0748575 -34.4824442 -12.18604093 31.32430482
0.63 -0.006241128 -47.95499206 41.76550944 10.48322747 -42.13580742 17.0748575 -34.4824442 -12.18604093 31.32430482
0.631 -0.006241128 -47.95499206 41.76550944 10.48322747 -42.13580742 17.0748575 -34.4824442 -12.18604093 31.32430482
0.632 -0.006241128 -47.95499206 41.76550944 10.48322747 -42.13580742 17.0748575 -34.4824442 -12.18604093 31.32430482
0.633 -0.006241128 -47.95499206 41.76550944 10.48322747 -42.13580742 17.0748575 -34.4824442 -12.18604093 31.32430482
0.634 -0.006241128 -47.95499206 41.76550944 10.48322747 -42.13580742 17.0748575 -34.4824442 -12.18604093 31.32430482
0.635 -0.006241128 -47.95499206 41.76550944 10.48322747 -42.13580742 17.0748575 -34.4824442 -12.18604093 31.32430482
0.636 -0.006241128 -47.95499206 41.76550944 10.48322747 -42.13580742 17.0748575 -34.4824442 -12.18604093 31.32430482
0.637 -0.006241128 -47.95499206 41.76550944 10.48322747 -42.13580742 17.0748575 -34.4824442 -12.18604093 31.32430482
0.638 -0.006241128 -47.95499206 41.76550944 10.48322747 -42.13580742 17.0748575 -34.4824442 -12.18604093 31.32430482
0.639 -0.006241128 -47.95499206 41.76550944 10.48322747 -42.13580742 17.0748575 -34.4824442 -12.18604093 31.32430482
0.64 -0.006241128 -47.95499206 41.76550944 10.48322747 -42.13580742 17.0748575 -34.4824442 -12.18604093 31.32430482
0.641 -0.006241128 -47.95499206 41.76550944 10.48322747 -42.13580742 17.0748575 -34.4824442 -12.18604093 31.32430482
0.642 -0.006241128 -47.95499206 41.76550944 10.48322747 -42.13580742 17.0748575 -34.4824442 -12.18604093 31.32430482
0.643 -0.006241128 -47.95499206 41.76550944 10.48322747 -42.13580742 17.0748575 -34.4824442 -12.18604093 31.32430482
0.644 -0.006241128 -47.95499206 41.76550944 10.48322747 -42.13580742 17.0748575 -34.4824442 -12.18604093 31.32430482
0.645 -0.006241128 -47.95499206 41.76550944 10.48322747 -42.13580742 17.0748575 -34.4824442 -12.18604093 31.32430482
0.646 -0.006241128 -47.95499206 41.76550944 10.48322747 -42.13580742 17.0748575 -34.4824442 -12.18604093 31.32430482
0.647 -0.006241128 -47.95499206 41.76550944 10.48322747 -42.13580742 17.0748575 -34.4824442 -12.18604093 31.32430482
0.648 -0.006241128 -47.95499206 41.76550944 10.48322747 -42.13580742 17.0748575 -34.4824442 -12.18604093 31.32430482
0.649 -0.006241128 -47.95499206 41.76550944 10.48322747 -42.13580742 17.0748575 -34.4824442 -12.18604093 31.32430482
0.65 -0.006241128 -47.95499206 41.76550944 10.48322747 -42.13580742 17.0748575 -34.4824442 -12.18604093 31.32430482
0.651 -0.006241128 -47.95499206 41.76550944 10.48322747 -42.13580742 17.0748575 -34.4824442 -12.18604093 31.32430482
0.652 -0.006241128 -47.95499206 41.76550944 10.48322747 -42.13580742 17.0748575 -34.4824442 -12.18604093 31.32430482
0.653 -0.006241128 -47.95499206 41.76550944 10.48322747 -42.13580742 17.0748575 -34.4824442 -12.18604093 31.32430482
0.654 -0.006241128 -47.95499206 41.76550944 10.48322747 -42.13580742 17.0748575 -34.4824442 -12.18604093 31.32430482
0.655 -0.006241128 -47.95499206 41.76550944 10.48322747 -42.13580742 17.0748575 -34.4824442 -12.18604093 31.32430482
0.656 -0.006241128 -47.95499206 41.76550944 10.48322747 -42.13580742 17.0748575 -34.4824442 -12.18604093 31.32430482
0.657 -0.006241128 -47.95499206 41.76550944 10.48322747 -42.13580742 17.0748575 -34.4824442 -12.18604093 31.32430482
0.658 -0.006245287 -47.95499206 41.76550944 10.48322332 -42.13580742 17.0748575 -34.48244836 -12.18604093 31.32430482
0.659 -0.006457069 -47.95499206 41.76550944 10.48301153 -42.13580742 17.0748575 -34.48266014 -12.18604093 31.32430482
0.66 -0.006457069 -47.95499206 41.76550944 10.48301153 -42.13580742 17.0748575 -34.48266014 -12.18604093 31.32430482
0.661 -0.006457069 -47.95499206 41.76550944 10.48301153 -42.13580742 17.0748575 -34.48266014 -12.18604093 31.32430482
0.662 -0.006457069 -47.95499206 41.76550944 10.48301153 -42.13580742 17.0748575 -34.48266014 -12.18604093 31.32430482
0.663 -0.006457069 -47.95499206 41.76550944 10.48301153 -42.13580742 17.0748575 -34.48266014 -12.18604093 31.32430482
0.664 -0.006457069 -47.95499206 41.76550944 10.48301153 -42.13580742 17.0748575 -34.48266014 -12.18604093 31.32430482
0.665 -0.006457069 -47.95499206 41.76550944 10.48301153 -42.13580742 17.0748575 -34.48266014 -12.18604093 31.32430482
0.666 -0.006457069 -47.95499206 41.76550944 10.48301153 -42.13580742 17.0748575 -34.48266014 -12.18604093 31.32430482
0.667 -0.006457069 -47.95499206 41.76550944 10.48301153 -42.13580742 17.0748575 -34.48266014 -12.18604093 31.32430482
0.668 -0.006457069 -47.95499206 41.76550944 10.48301153 -42.13580742 17.0748575 -34.48266014 -12.18604093 31.32430482
0.669 -0.006457069 -47.95499206 41.76550944 10.48301153 -42.13580742 17.0748575 -34.48266014 -12.18604093 31.32430482
0.67 -0.006457069 -47.95499206 41.76550944 10.48301153 -42.13580742 17.0748575 -34.48266014 -12.18604093 31.32430482
0.671 -0.006457069 -47.95499206 41.76550944 10.48301153 -42.13580742 17.0748575 -34.48266014 -12.18604093 31.32430482
0.672 -0.006457069 -47.95499206 41.76550944 10.48301153 -42.13580742 17.0748575 -34.48266014 -12.18604093 31.32430482
0.673 -0.006457069 -47.95499206 41.76550944 10.48301153 -42.13580742 17.0748575 -34.48266014 -12.18604093 31.32430482
0.674 -0.006457069 -47.95499206 41.76550944 10.48301153 -42.13580742 17.0748575 -34.48266014 -12.18604093 31.32430482
0.675 -0.006457069 -47.95499206 41.76550944 10.48301153 -42.13580742 17.0748575 -34.48266014 -12.18604093 31.32430482
0.676 -0.006457069 -47.95499206 41.76550944 10.48301153 -42.13580742 17.0748575 -34.48266014 -12.18604093 31.32430482
0.677 -0.006457069 -47.95499206 41.76550944 10.48301153 -42.13580742 17.0748575 -34.48266014 -12.18604093 31.32430482
0.678 -0.006457069 -47.95499206 41.76550944 10.48301153 -42.13580742 17.0748575 -34.48266014 -12.18604093 31.32430482
0.679 -0.006457069 -47.95499206 41.76550944 10.48301153 -42.13580742 17.0748575 -34.48266014 -12.18604093 31.32430482
0.68 -0.006457069 -47.95499206 41.76550944 10.48301153 -42.13580742 17.0748575 -34.48266014 -12.18604093 31.32430482
0.681 -0.006457069 -47.95499206 41.76550944 10.48301153 -42.13580742 17.0748575 -34.48266014 -12.18604093 31.32430482
0.682 -0.006457069 -47.95499206 41.76550944 10.48301153 -42.13580742 17.0748575 -34.48266014 -12.18604093 31.32430482
0.683 -0.006457069 -47.95499206 41.76550944 10.48301153 -42.13580742 17.0748575 -34.48266014 -12.18604093 31.32430482
0.684 -0.006457069 -47.95499206 41.76550944 10.48301153 -42.13580742 17.0748575 -34.48266014 -12.18604093 31.32430482
0.685 -0.006457069 -47.95499206 41.76550944 10.48301153 -42.13580742 17.0748575 -34.48266014 -12.18604093 31.32430482
0.686 -0.006457069 -47.95499206 41.76550944 10.48301153 -42.13580742 17.0748575 -34.48266014 -12.18604093 31.32430482
0.687 -0.006457069 -47.95499206 41.76550944 10.48301153 -42.13580742 17.0748575 -34.48266014 -12.18604093 31.32430482
0.688 -0.006457069 -47.95499206 41.76550944 10.48301153 -42.13580742 17.0748575 -34.48266014 -12.18604093 31.32430482
0.689 -0.006457069 -47.95499206 41.76550944 10.48301153 -42.13580742 17.0748575 -34.48266014 -12.18604093 31.32430482
0.69 -0.006457069 -47.95499206 41.76550944 10.48301153 -42.13580742 17.0748575 -34.48266014 -12.18604093 31.32430482
0.691 -0.006457069 -47.95499206 41.76550944 10.48301153 -42.13580742 17.0748575 -34.48266014 -12.18604093 31.32430482
0.692 -0.006457069 -47.95499206 41.76550944 10.48301153 -42.13580742 17.0748575 -34.48266014 -12.18604093 31.32430482
0.693 -0.006457069 -47.95499206 41.76550944 10.48301153 -42.13580742 17.0748575 -34.48266014 -12.18604093 31.32430482
0.694 -0.006457069 -47.95499206 41.76550944 10.48301153 -42.13580742 17.0748575 -34.48266014 -12.18604093 31.32430482
0.695 -0.006457069 -47.95499206 41.76550944 10.48301153 -42.13580742 17.0748575 -34.48266014 -12.18604093 31.32430482
0.696 -0.006457069 -47.95499206 41.76550944 10.48301153 -42.13580742 17.0748575 -34.48266014 -12.18604093 31.32430482
0.697 -0.006457069 -47.95499206 41.76550944 10.48301153 -42.13580742 17.0748575 -34.48266014 -12.18604093 31.32430482
0.698 -0.006457069 -47.95499206 41.76550944 10.48301153 -42.13580742 17.0748575 -34.48266014 -12.18604093 31.32430482
0.699 -0.006457069 -47.95499206 41.76550944 10.48301153 -42.13580742 17.0748575 -34.48266014 -12.18604093 31.32430482
0.7 -0.006457069 -47.95499206 41.76550944 10.48301153 -42.13580742 17.0748575 -34.48266014 -12.18604093 31.32430482
0.701 -0.006457069 -47.95499206 41.76550944 10.48301153 -42.13580742 17.0748575 -34.48266014 -12.18604093 31.32430482
0.702 -0.006457069 -47.95499206 41.76550944 10.48301153 -42.13580742 17.0748575 -34.48266014 -12.18604093 31.32430482
0.703 -0.006457069 -47.95499206 41.76550944 10.48301153 -42.13580742 17.0748575 -34.48266014 -12.18604093 31.32430482
0.704 -0.006457069 -47.95499206 41.76550944 10.48301153 -42.13580742 17.0748575 -34.48266014 -12.18604093 31.32430482
0.705 -0.006457069 -47.95499206 41.76550944 10.48301153 -42.13580742 17.0748575 -34.48266014 -12.18604093 31.32430482
0.706 -0.006457069 -47.95499206 41.76550944 10.48301153 -42.13580742 17.0748575 -34.48266014 -12.18604093 31.32430482
0.707 -0.006457069 -47.95499206 41.76550944 10.48301153 -42.13580742 17.0748575 -34.48266014 -12.18604093 31.32430482
0.708 -0.006457069 -47.95499206 41.76550944 10.48301153 -42.13580742 17.0748575 -34.48266014 -12.18604093 31.32430482
0.709 -0.006457069 -47.95499206 41.76550944 10.48301153 -42.13580742 17.0748575 -34.48266014 -12.18604093 31.32430482
0.71 -0.006457069 -47.95499206 41.76550944 10.48301153 -42.13580742 17.0748575 -34.48266014 -12.18604093 31.32430482
0.711 -0.006457069 -47.95499206 41.76550944 10.48301153 -42.13580742 17.0748575 -34.48266014 -12.18604093 31.32430482
0.712 -0.006457069 -47.95499206 41.76550944 10.48301153 -42.13580742 17.0748575 -34.48266014 -12.18604093 31.32430482
0.713 -0.006457069 -47.95499206 41.76550944 10.48301153 -42.13580742 17.0748575 -34.48266014 -12.18604093 31.32430482
0.714 -0.006457069 -47.95499206 41.76550944 10.48301153 -42.13580742 17.0748575 -34.48266014 -12.18604093 31.32430482
0.715 -0.006457069 -47.95499206 41.76550944 10.48301153 -42.13580742 17.0748575 -34.48266014 -12.18604093 31.32430482
0.716 -0.006457069 -47.95499206 41.76550944 10.48301153 -42.13580742 17.0748575 -34.48266014 -12.18604093 31.32430482
0.717 -0.006457069 -47.95499206 41.76550944 10.48301153 -42.13580742 17.0748575 -34.48266014 -12.18604093 31.32430482
0.718 -0.006457069 -47.95499206 41.76550944 10.48301153 -42.13580742 17.0748575 -34.48266014 -12.18604093 31.32430482
0.719 -0.00645655 -47.95499236 41.76550936 10.48301211 -42.1358077 17.07485745 -34.48265976 -12.18604141 31.32430458
0.72 -0.006404147 -47.95502261 41.76550114 10.48307 -42.13583564 17.0748521 -34.48262162 -12.18609006 31.32428043
